0.030460304564311248  0.001137864477612921
0.03215208195035559  0.0012933564129468202
0.03404718980797228  0.0014729245426021124
0.03526240943588927  0.001593006424674711
0.03622842160211415  0.0017225902406533653
0.03730482109857545  0.0018614704353108109
0.03832678504308653  0.001986826095493109
0.039656456838634474  0.002181584575367622
0.04067880697731111  0.0023533046017691563
0.04189267532756372  0.0025387816979926432
0.04321250708081369  0.0027217215720447643
0.04487151458519418  0.0029691689227706163
0.04662284311832051  0.0032076881717574665
0.048333546134409704  0.0034545192390289126
0.05010701891342026  0.00372524298875296
0.05194556462726463  0.004049027253236595
0.05373042279086714  0.004382514701136648
0.05545158004620671  0.0047186247053886705
0.05722787147216576  0.005098335704496565
0.05906106319253134  0.005489029967223975
0.06136620769505248  0.005974312558521415
0.06376132164428305  0.006451162883152573
0.06610087620490672  0.006970442189310659
0.0688356409124011  0.0075414875824235394
0.07136138431729024  0.008104803164694866
0.07381337324605887  0.008700200056509674
0.07652176149083606  0.009392998321954537
0.0795083944481334  0.010206417626599835
0.0824257465676009  0.011017775281693008
0.08506610680231919  0.01178788645672719
0.08798899225483985  0.012686225874135442
0.09162932509884936  0.01372309345035945
0.09563541590770495  0.014829075821059102
0.09981665548636197  0.01609292558459737
0.10441560190497487  0.017461202707957514
0.10898071665007841  0.018900989191323228
0.11374542103749352  0.02038752076324957
0.11871844124992148  0.0219424296373995
0.12390888498417253  0.023658323681128107
0.12961785529634792  0.0255482159247064
0.1355898603540096  0.027502080267640366
0.1418370192037719  0.029626157119327787
0.14870654965798438  0.03193261519718283
0.15626032295985834  0.03448458081954789
0.1641978015607075  0.037150309621866856
0.17253847634946637  0.039808177034761284
0.1808949570796718  0.04267525373524011
0.18965616359436158  0.045707976445932656
0.19929003425029343  0.048843898536327396
0.20894216151007888  0.051998236386167254
0.21906176603730307  0.05555422330456648
0.2301893385857869  0.059140458292372314
0.2418821529519629  0.06280001221893503
0.25416892144582276  0.0668407885621785
0.2670798148624158  0.07073571449189452
0.2806465365677958  0.07491653461309443
0.2949024003482744  0.0788146721283302
0.3098824122141454  0.08286275470736365
0.3256233563587519  0.08714655234072904
0.342163885483975  0.09112701829352907
0.3595446157139399  0.09471345229920412
0.37780822633000843  0.09837824579386972
0.39699956457195995  0.1020219766097271
0.41716575576270715  0.10532917865847015
0.4383563190269609  0.10818993691198867
0.4606232888880009  0.11102208740067844
0.48402134304113686  0.11389203682867764
0.5086079366176156  0.11661274898741945
0.5372017938291178  0.118428381652777
0.5649742983840257  0.12129246508919357
0.5901181800336232  0.1231903167149192
0.6200941223410782  0.12409755172033289
0.6525718185167931  0.12489188093974826
0.6853084763031426  0.12559509537572697
0.7194713031003653  0.12613315101535152
0.7560179322389172  0.1262136552812321
0.7944210024830909  0.12569129453754238
0.834774814556643  0.1256111234548511
0.8771784593307128  0.12509125641100888
0.9217360611465755  0.12307247172741481
0.9685570334983444  0.12104764412827981
1.017756347703461  0.11901815413207016
1.0694548152207077  0.11653836857486718
1.1237793843089865  0.11345686109581817
1.180863451755331  0.11052733372001186
1.2408471904376117  0.10770780429539399
1.3038778935262807  0.10512775732746844
1.381125995196335  0.10385732176831429
1.4462068071765832  0.1020219766097271
1.5196690614899555  0.10027947527524557
1.596862941724337  0.09559377374009669
1.6779780014422288  0.09040312001219702
1.7632134228650114  0.08587701232772918
1.8279099175178408  0.08347832352933089
1.94163852918163  0.07921631406965408
2.053702446384418  0.07478349546945222
2.149707468630207  0.07114307590575045
2.2589050992707222  0.06748931197547635
2.373649588128693  0.06339960152382501
2.4942226962268124  0.05988332897360404
2.6102099982820124  0.05674634429504491
2.7125026037832516  0.05489419450426934
2.9267234264534245  0.052676738254515174

