0.00500000  0.707859
0.00539898  0.707846
0.00582979  0.707831
0.00629499  0.707821
0.00679730  0.707804
0.00733969  0.707791
0.00792536  0.707770
0.00855778  0.707754
0.00924065  0.707736
0.00997801  0.707716
0.0107742  0.707686
0.0116339  0.707661
0.0125623  0.707626
0.0135647  0.707601
0.0146471  0.707566
0.0158159  0.707527
0.0170779  0.707484
0.0184407  0.707443
0.0199121  0.707383
0.0215010  0.707331
0.0232167  0.707266
0.0250693  0.707208
0.0270697  0.707134
0.0292298  0.707046
0.0315622  0.706961
0.0340807  0.706860
0.0368002  0.706747
0.0397367  0.706628
0.0429075  0.706494
0.0463313  0.706352
0.0500284  0.706185
0.0540204  0.705999
0.0583310  0.705806
0.0629856  0.705582
0.0680115  0.705333
0.0734385  0.705061
0.0792986  0.704759
0.0856263  0.704429
0.0924589  0.704062
0.0998367  0.703660
0.107803  0.703206
0.116405  0.702717
0.125694  0.702176
0.135724  0.701576
0.146554  0.700928
0.158248  0.700214
0.170876  0.699424
0.184511  0.698560
0.199234  0.697612
0.215132  0.696570
0.232299  0.695412
0.250835  0.694135
0.270851  0.692722
0.292464  0.691157
0.315801  0.689430
0.341000  0.687494
0.368211  0.685352
0.397592  0.682961
0.429318  0.680304
0.463576  0.677351
0.500567  0.674063
0.540510  0.670428
0.583641  0.666395
0.630213  0.661932
0.680501  0.656996
0.734802  0.651554
0.793436  0.645561
0.856749  0.638984
0.925113  0.631778
0.998933  0.623904
1.07864  0.615324
1.16471  0.605996
1.25765  0.595888
1.35801  0.584960
1.46637  0.573175
1.58338  0.560504
1.70973  0.546923
1.84616  0.532394
1.99347  0.516898
2.15254  0.500422
2.32431  0.482940
2.50978  0.464441
2.71004  0.444926
2.92630  0.424391
3.15980  0.410258
3.41194  0.398709
3.68419  0.386128
3.97818  0.372483
4.29562  0.357709
4.63839  0.341724
5.00851  0.324472
5.40817  0.305910
5.83972  0.286023
6.30570  0.264819
6.80887  0.242370
7.35219  0.218815
7.93886  0.194384
8.57235  0.169397
9.25638  0.144300
9.99500  0.119663
