1.00000   24990.366
1.00926   24889.411
1.01861   24787.133
1.02804   24683.537
1.03757   24578.723
1.04718   24472.738
1.05688   24365.693
1.06666   24257.436
1.07654   24147.946
1.08652   24037.146
1.09658   23925.018
1.10674   23811.543
1.11699   23696.564
1.12733   23580.253
1.13777   23462.607
1.14831   23343.719
1.15895   23223.613
1.16968   23102.260
1.18052   22979.682
1.19145   22855.895
1.20249   22730.880
1.21362   22604.507
1.22486   22476.969
1.23621   22348.379
1.24766   22218.954
1.25922   22088.771
1.27088   21957.679
1.28265   21825.522
1.29453   21692.400
1.30652   21558.483
1.31862   21423.939
1.33083   21288.885
1.34316   21153.204
1.35560   21016.776
1.36816   20879.731
1.38083   20742.223
1.39362   20604.463
1.40653   20466.519
1.41955   20328.279
1.43270   20189.558
1.44597   20050.566
1.45937   19911.470
1.47288   19772.600
1.48652   19633.926
1.50029   19495.364
1.51419   19356.759
1.52821   19218.304
1.54237   19080.073
1.55665   18942.318
1.57107   18804.932
1.58562   18667.932
1.60031   18531.293
1.61513   18395.044
1.63009   18259.193
1.64519   18123.728
1.66043   17988.808
1.67581   17854.529
1.69133   17720.999
1.70699   17588.187
1.72281   17456.127
1.73876   17324.822
1.75487   17194.308
1.77112   17064.559
1.78753   16935.673
1.80408   16807.719
1.82079   16680.901
1.83766   16555.050
1.85468   16430.178
1.87186   16306.192
1.88919   16183.217
1.90669   16061.305
1.92435   15940.506
1.94217   15820.874
1.96016   15702.428
1.97832   15585.283
1.99664   15469.519
2.01514   15355.317
2.03380   15242.598
2.05264   15131.381
2.07165   15021.669
2.09084   14913.601
2.11020   14807.311
2.12975   14702.838
2.14947   14600.216
2.16938   14499.488
2.18948   14400.672
2.20976   14303.919
2.23022   14209.199
2.25088   14116.267
2.27173   14024.838
2.29277   13934.916
2.31401   13846.712
2.33544   13760.649
2.35707   13676.168
2.37890   13593.176
2.40093   13511.337
2.42317   13430.827
2.44562   13351.624
2.46827   13273.728
2.49113   13197.230
2.51420   13122.209
2.53749   13048.408
2.56099   12975.752
2.58471   12904.039
2.60865   12833.343
2.63282   12763.553
2.65720   12694.692
2.68181   12626.851
2.70665   12559.950
2.73172   12493.866
2.75702   12428.563
2.78256   12363.735
2.80833   12299.329
2.83434   12235.018
2.86060   12170.852
2.88709   12106.776
2.91383   12042.675
2.94082   11978.586
2.96806   11914.463
2.99555   11850.021
3.02329   11785.063
3.05130   11719.407
3.07956   11653.115
3.10808   11586.085
3.13687   11518.355
3.16592   11450.131
3.19525   11381.062
3.22484   11310.853
3.25471   11238.823
3.28486   11165.187
3.31528   11089.954
3.34599   11012.966
3.37698   10934.098
3.40826   10853.022
3.43983   10769.999
3.47169   10684.955
3.50384   10598.172
3.53630   10509.734
3.56905   10419.934
3.60211   10328.954
3.63547   10237.181
3.66914   10144.439
3.70313   10050.467
3.73743   9954.9187
3.77204   9857.3114
3.80698   9757.2704
3.84224   9654.2916
3.87783   9548.1511
3.91375   9438.4019
3.95000   9325.6863
3.98658   9210.1489
4.02351   9092.4516
4.06077   8972.7218
4.09838   8851.6673
4.13634   8729.3570
4.17465   8606.2752
4.21332   8482.5344
4.25235   8358.1816
4.29173   8233.4620
4.33148   8108.3993
4.37160   7983.1228
4.41209   7857.8876
4.45296   7732.7737
4.49420   7608.1821
4.53583   7484.2376
4.57784   7361.3574
4.62024   7239.6656
4.66303   7119.3568
4.70622   7000.7625
4.74981   6884.0344
4.79381   6769.5122
4.83821   6657.2658
4.88302   6547.4949
4.92825   6440.4400
4.97390   6336.3235
5.01997   6235.3287
5.06646   6137.5218
5.11339   6043.0406
5.16075   5951.9981
5.20855   5864.5766
5.25679   5780.7740
5.30548   5700.7146
5.35462   5624.3295
5.40422   5551.6344
5.45427   5482.5196
5.50479   5417.0209
5.55578   5355.3457
5.60723   5297.0601
5.65917   5242.0214
5.71159   5189.7995
5.76449   5140.5299
5.81788   5094.1903
5.87177   5050.3514
5.92615   5008.8828
5.98104   4969.2942
6.03644   4931.5826
6.09235   4895.2369
6.14878   4860.0940
6.20573   4825.7705
6.26321   4791.8969
6.32122   4758.2816
6.37977   4724.4465
6.43886   4690.3831
6.49850   4655.6327
6.55869   4619.9356
6.61943   4582.7867
6.68074   4544.0118
6.74262   4503.4808
6.80507   4460.8636
6.86810   4416.0091
6.93172   4368.6480
6.99592   4318.8918
7.06072   4266.7408
7.12611   4212.1909
7.19212   4155.1298
7.25873   4095.7302
7.32596   4033.9939
7.39382   3970.1988
7.46230   3904.5257
7.53142   3837.3283
7.60118   3768.7892
7.67158   3698.9302
7.74264   3628.2889
7.81435   3557.0430
7.88673   3485.7740
7.95978   3414.5604
8.03350   3343.7519
8.10791   3273.8225
8.18301   3205.1538
8.25880   3138.2375
8.33529   3073.2347
8.41250   3010.6435
8.49041   2950.6043
8.56905   2893.5317
8.64842   2839.4685
8.72853   2788.6560
8.80937   2741.0806
8.89097   2696.9194
8.97332   2655.9530
9.05643   2618.1101
9.14031   2583.0362
9.22497   2550.6272
9.31041   2520.6288
9.39665   2492.7264
9.48368   2466.8333
9.57152   2442.3780
9.66018   2419.2111
9.74965   2396.7379
9.83995   2374.9278
9.93109   2353.3571
10.0231   2331.6602
10.1159   2309.3859
10.2096   2286.1953
10.3042   2261.9457
10.3996   2236.2063
10.4959   2208.7973
10.5931   2179.3967
10.6913   2148.1257
10.7903   2114.8900
10.8902   2079.9908
10.9911   2043.5051
11.0929   2005.8195
11.1956   1967.0002
11.2993   1927.5492
11.4040   1887.6015
11.5096   1847.6714
11.6162   1807.9269
11.7238   1768.6969
11.8324   1730.3927
11.9420   1693.3751
12.0526   1657.9178
12.1642   1624.0548
12.2769   1592.0224
12.3906   1561.9478
12.5054   1534.0379
12.6212   1508.1598
12.7381   1484.3771
12.8561   1462.3661
12.9752   1442.0658
13.0953   1423.0502
13.2166   1405.2344
13.3391   1388.1334
13.4626   1371.6569
13.5873   1355.3688
13.7131   1339.0371
13.8402   1322.2306
13.9684   1304.8100
14.0977   1286.5978
14.2283   1267.4790
14.3601   1247.4063
14.4931   1226.3921
14.6273   1204.4890
14.7628   1181.8248
14.8996   1158.6425
15.0376   1135.2040
15.1768   1111.7521
15.3174   1088.4338
15.4593   1065.5711
15.6025   1043.2748
15.7470   1021.8428
15.8928   1001.3456
16.0400   981.99679
16.1886   963.76208
16.3385   946.77960
16.4899   930.84483
16.6426   915.94017
16.7967   901.80497
16.9523   888.37887
17.1093   875.33443
17.2678   862.57861
17.4277   849.79517
17.5892   836.94444
17.7521   823.80366
17.9165   810.36747
18.0824   796.51726
18.2499   782.31076
18.4190   767.72013
18.5896   752.91198
18.7617   737.97533
18.9355   723.13852
19.1109   708.47044
19.2879   694.17677
19.4666   680.30320
19.6469   666.99890
19.8288   654.25665
20.0125   642.13055
20.1979   630.56770
20.3849   619.57504
20.5737   609.02181
20.7643   598.83743
20.9566   588.84452
21.1507   578.99846
21.3466   569.15281
21.5443   559.28501
21.7439   549.30920
21.9453   539.24905
22.1486   529.10348
22.3537   518.93816
22.5607   508.78411
22.7697   498.74065
22.9806   488.86011
23.1935   479.25268
23.4083   469.91704
23.6251   460.91410
23.8439   452.21517
24.0648   443.83999
24.2876   435.72481
24.5126   427.84890
24.7396   420.12767
24.9688   412.53320
25.2001   404.98850
25.4335   397.49964
25.6690   390.02744
25.9068   382.59324
26.1467   375.18060
26.3889   367.84503
26.6333   360.62172
26.8800   353.54829
27.1290   346.64038
27.3803   339.91496
27.6339   333.36711
27.8898   326.99170
28.1481   320.77864
28.4088   314.72140
28.6720   308.77947
28.9375   302.91471
29.2056   297.11819
29.4761   291.38366
29.7491   285.71370
30.0246   280.11748
30.3027   274.60784
30.5834   269.19443
30.8666   263.89230
31.1525   258.70400
31.4411   253.64707
31.7323   248.69758
32.0262   243.84341
32.3228   239.07641
32.6222   234.39594
32.9244   229.79484
33.2293   225.27426
33.5371   220.83014
33.8477   216.46616
34.1612   212.18178
34.4776   207.97694
34.7970   203.85059
35.1193   199.80229
35.4446   195.83472
35.7729   191.94105
36.1042   188.11728
36.4386   184.36078
36.7761   180.67699
37.1167   177.06482
37.4605   173.52349
37.8075   170.04948
38.1576   166.64241
38.5111   163.29971
38.8678   160.01988
39.2278   156.80156
39.5911   153.64344
39.9578   150.54777
40.3279   147.51082
40.7014   144.53178
41.0784   141.60696
41.4589   138.73857
41.8429   135.92528
42.2304   133.16702
42.6216   130.46327
43.0164   127.81104
43.4148   125.20714
43.8169   122.65263
44.2227   120.15222
44.6323   117.70133
45.0457   115.29585
45.4630   112.93205
45.8840   110.61475
46.3090   108.34488
46.7379   106.12090
47.1708   103.94106
47.6077   101.80374
48.0487   99.706931
48.4937   97.650063
48.9429   95.634199
49.3962   93.657479
49.8537   91.720063
50.3155   89.820130
50.7815   87.958876
51.2519   86.134804
51.7266   84.347358
52.2057   82.594365
52.6892   80.876053
53.1772   79.192088
53.6698   77.541514
54.1669   75.924656
54.6686   74.339742
55.1749   72.787069
55.6860   71.264565
56.2017   69.772543
56.7223   68.309373
57.2477   66.876163
57.7779   65.472576
58.3131   64.097615
58.8532   62.749860
59.3983   61.429046
59.9484   60.135390
60.5037   58.867462
61.0641   57.625266
61.6297   56.407361
62.2005   55.213967
62.7766   54.044263
63.3581   52.899676
63.9449   51.780182
64.5372   50.684143
65.1349   49.609324
65.7382   48.555574
66.3471   47.521763
66.9616   46.508423
67.5818   45.516898
68.2078   44.546445
68.8395   43.597392
69.4771   42.667956
70.1206   41.757049
70.7701   40.862898
71.4256   39.987971
72.0871   39.134147
72.7548   38.298228
73.4287   37.477155
74.1088   36.671936
74.7952   35.883570
75.4880   35.111387
76.1872   34.355163
76.8928   33.614421
77.6050   32.890088
78.3238   32.181573
79.0493   31.488173
79.7814   30.808419
80.5204   30.142596
81.2662   29.490071
82.0189   28.851111
82.7786   28.226315
83.5453   27.614510
84.3191   27.014799
85.1001   26.427127
85.8883   25.853072
86.6838   25.292077
87.4867   24.742919
88.2970   24.203971
89.1148   23.676120
89.9402   23.159417
90.7733   22.653828
91.6140   22.159797
92.4626   21.676154
93.3190   21.201886
94.1833   20.737270
95.0557   20.283838
95.9361   19.840719
96.8247   19.406450
97.7215   18.979837
98.6266   18.562481
99.5401   18.155132
100.462   17.756810
101.393   17.366589
102.332   16.984547
103.279   16.610602
104.236   16.244475
105.202   15.886291
106.176   15.535596
107.159   15.192324
108.152   14.856152
109.154   14.527506
110.165   14.206246
111.185   13.892092
112.215   13.584504
113.254   13.283513
114.303   12.989000
115.362   12.700701
116.430   12.418435
117.509   12.142170
118.597   11.872298
119.696   11.608480
120.804   11.350581
121.923   11.098073
123.052   10.850969
124.192   10.608876
125.342   10.371964
126.503   10.140192
127.675   9.9134853
128.858   9.6918523
130.051   9.4750725
131.256   9.2631384
132.471   9.0557810
133.698   8.8530560
134.937   8.6546692
136.186   8.4606329
137.448   8.2707081
138.721   8.0850694
140.006   7.9036841
141.303   7.7263174
142.611   7.5526111
143.932   7.3826604
145.265   7.2166039
146.611   7.0541440
147.969   6.8950979
149.339   6.7393696
150.722   6.5872574
152.119   6.4386375
153.527   6.2933464
154.949   6.1510866
156.385   6.0119998
157.833   5.8760536
159.295   5.7431645
160.770   5.6133047
162.259   5.4862677
163.762   5.3619021
165.279   5.2401797
166.810   5.1212906
168.355   5.0050927
169.914   4.8915092
171.488   4.7803477
173.076   4.6717063
174.680   4.5655019
176.297   4.4616612
177.930   4.3600065
179.578   4.2606049
181.242   4.1635198
182.920   4.0686156
184.615   3.9758305
186.325   3.8850660
188.050   3.7963870
189.792   3.7096837
191.550   3.6249623
193.324   3.5420915
195.115   3.4610623
196.922   3.3817538
198.746   3.3042453
200.587   3.2286166
202.445   3.1547111
204.320   3.0824575
206.212   3.0117646
208.122   2.9426025
210.050   2.8749405
211.995   2.8088990
213.959   2.7444015
215.941   2.6813557
217.941   2.6196177
219.959   2.5592981
221.997   2.5004311
224.053   2.4429028
226.128   2.3865829
228.222   2.3315097
230.336   2.2777332
232.470   2.2251887
234.623   2.1738712
236.796   2.1237013
238.989   2.0746923
241.203   2.0267652
243.437   1.9799240
245.692   1.9341034
247.967   1.8893241
250.264   1.8455625
252.582   1.8028086
254.921   1.7610704
257.283   1.7202785
259.666   1.6803958
262.071   1.6413911
264.498   1.6033057
266.948   1.5660896
269.420   1.5297271
271.916   1.4941611
274.434   1.4594251
276.976   1.4254999
279.542   1.3923582
282.131   1.3599491
284.744   1.3282785
287.381   1.2973571
290.043   1.2671357
292.729   1.2375877
295.441   1.2086948
298.177   1.1805014
300.939   1.1529671
303.726   1.1260602
306.539   1.0997274
309.379   1.0740131
312.244   1.0489227
315.136   1.0244198
318.055   1.0004564
321.001   0.97704072
323.974   0.95418302
326.975   0.93184869
330.003   0.91002660
333.060   0.88869093
336.145   0.86785612
339.258   0.84749936
342.401   0.82762803
345.572   0.80821619
348.773   0.78925611
352.003   0.77071545
355.263   0.75260383
358.554   0.73492363
361.875   0.71765267
365.227   0.70078137
368.609   0.68429293
372.024   0.66819421
375.469   0.65246292
378.947   0.63710119
382.457   0.62208649
385.999   0.60742373
389.574   0.59309559
393.183   0.57910646
396.824   0.56544801
400.500   0.55211010
404.209   0.53908208
407.953   0.52635323
411.732   0.51392133
415.545   0.50177257
419.394   0.48991012
423.279   0.47831917
427.199   0.46700433
431.156   0.45595120
435.150   0.44516373
439.180   0.43462893
443.248   0.42434187
447.353   0.41428631
451.497   0.40446435
455.678   0.39487606
459.899   0.38551106
464.159   0.37636741
468.458   0.36743461
472.797   0.35871462
477.176   0.35019487
481.596   0.34187752
486.056   0.33375117
490.558   0.32581956
495.102   0.31807466
499.688   0.31051229
504.316   0.30312035
508.987   0.29590199
513.701   0.28886105
518.459   0.28198609
523.261   0.27527336
528.108   0.26871360
532.999   0.26230905
537.936   0.25605194
542.919   0.24994671
547.947   0.24398564
553.022   0.23816627
558.145   0.23247855
563.314   0.22692483
568.532   0.22150319
573.798   0.21620976
579.112   0.21104364
584.476   0.20599872
589.890   0.20107575
595.353   0.19626577
600.868   0.19156560
606.433   0.18697121
612.050   0.18249312
617.719   0.17813042
623.440   0.17387508
629.215   0.16971518
635.043   0.16565185
640.924   0.16168031
646.861   0.15780016
652.852   0.15401143
658.899   0.15031181
665.002   0.14670459
671.161   0.14318264
677.378   0.13974224
683.652   0.13637804
689.984   0.13309546
696.374   0.12989380
702.824   0.12677256
709.334   0.12372944
715.904   0.12075981
722.535   0.11785746
729.227   0.11502165
735.981   0.11225100
742.798   0.10954501
749.678   0.10690800
756.622   0.10433454
763.630   0.10182032
770.703   0.099360830
777.841   0.096961982
785.046   0.094623924
792.317   0.092342783
799.655   0.090112817
807.062   0.087936507
814.537   0.085815951
822.081   0.083746043
829.696   0.081723320
837.380   0.079746893
845.136   0.077819248
852.964   0.075938325
860.865   0.074104606
868.838   0.072314386
876.885   0.070565809
885.007   0.068854850
893.204   0.067185625
901.477   0.065561281
909.827   0.063976028
918.254   0.062424097
926.759   0.060908003
935.343   0.059431193
944.006   0.057990734
952.750   0.056584549
961.574   0.055210567
970.481   0.053870669
979.469   0.052563692
988.541   0.051289630
997.698   0.050046576
1006.94   0.048833256
1016.26   0.047646464
1025.68   0.046487515
1035.18   0.045357096
1044.77   0.044253868
1054.44   0.043177486
1064.21   0.042126945
1074.07   0.041103393
1084.01   0.040104567
1094.05   0.039128961
1104.19   0.038174405
1114.41   0.037243095
1124.74   0.036335508
1135.15   0.035450526
1145.67   0.034586903
1156.28   0.033744248
1166.99   0.032922255
1177.80   0.032119695
1188.71   0.031335901
1199.72   0.030570442
1210.83   0.029824314
1222.04   0.029096539
1233.36   0.028386669
1244.79   0.027693354
1256.32   0.027017215
1267.95   0.026357720
1279.70   0.025714295
1291.55   0.025085920
1303.51   0.024472354
1315.59   0.023873143
1327.77   0.023288171
1340.07   0.022717995
1352.48   0.022161843
1365.01   0.021619723
1377.65   0.021090572
1390.41   0.020574298
1403.29   0.020069968
1416.29   0.019577999
1429.40   0.019098076
1442.64   0.018630042
1456.01   0.018173727
1469.49   0.017728415
1483.10   0.017293469
1496.84   0.016868819
1510.70   0.016455084
1524.70   0.016051455
1538.82   0.015657417
1553.07   0.015272361
1567.46   0.014897083
1581.97   0.014531413
1596.63   0.014174788
1611.41   0.013826276
1626.34   0.013486173
1641.40   0.013154461
1656.61   0.012830790
1671.95   0.012515004
1687.44   0.012206831
1703.06   0.011906492
1718.84   0.011613424
1734.76   0.011327450
1750.83   0.011048098
1767.04   0.010775714
1783.41   0.010510099
1799.93   0.010251111
1816.60   0.0099983538
1833.43   0.0097518294
1850.41   0.0095114670
1867.55   0.0092769286
1884.84   0.0090480154
1902.30   0.0088245350
1919.92   0.0086066343
1937.70   0.0083940122
1955.65   0.0081866970
1973.76   0.0079843448
1992.05   0.0077869831
2010.50   0.0075943209
2029.12   0.0074064338
2047.91   0.0072231889
2066.88   0.0070444749
2086.02   0.0068701328
2105.34   0.0067000804
2124.84   0.0065344215
2144.53   0.0063727840
2164.39   0.0062149676
2184.44   0.0060608004
2204.67   0.0059105659
2225.09   0.0057641336
2245.70   0.0056213938
2266.50   0.0054820535
2287.49   0.0053461531
2308.68   0.0052135478
2330.06   0.0050841669
2351.64   0.0049578693
2373.42   0.0048346587
2395.41   0.0047146571
2417.59   0.0045976327
2439.99   0.0044834936
2462.59   0.0043720479
2485.39   0.0042634031
2508.41   0.0041574111
2531.65   0.0040540383
2555.10   0.0039531091
2578.76   0.0038546835
2602.65   0.0037587199
2626.75   0.0036651512
2651.08   0.0035739472
2675.64   0.0034849706
2700.42   0.0033981684
2725.43   0.0033134375
2750.68   0.0032308242
2776.15   0.0031502168
2801.87   0.0030716399
2827.82   0.0029949740
2854.01   0.0029202186
2880.44   0.0028472639
2907.12   0.0027761298
2934.05   0.0027067785
2961.22   0.0026391443
2988.65   0.0025731796
3016.33   0.0025088140
3044.27   0.0024460349
3072.47   0.0023847687
3100.93   0.0023250587
3129.65   0.0022668164
3158.64   0.0022100462
3187.89   0.0021546602
3217.42   0.0021006847
3247.22   0.0020480603
3277.30   0.0019967628
3307.65   0.0019467193
3338.29   0.0018979219
3369.21   0.0018503702
3400.41   0.0018039902
3431.91   0.0017442481
3463.69   0.0017029602
3495.78   0.0017120403
3528.15   0.0016701931
3560.83   0.0016293687
3593.81   0.0015895423
3627.10   0.0015506893
3660.70   0.0015127859
3694.60   0.0014758091
3728.82   0.0014397360
3763.36   0.0014045447
3798.22   0.0013702136
3833.40   0.0013367216
3868.90   0.0013040483
3904.74   0.0012721736
3940.90   0.0012410780
3977.40   0.0012107424
4014.24   0.0011811484
4051.42   0.0011522777
4088.95   0.0011241127
4126.82   0.0010966362
4165.04   0.0010698312
4203.62   0.0010436815
4242.56   0.0010181709
4281.85   0.00099328382
4321.51   0.00096900510
4361.54   0.00094531982
4401.94   0.00092221347
4442.71   0.00089967191
4483.86   0.00087768133
4525.39   0.00085622826
4567.30   0.00083529957
4609.60   0.00081488244
4652.30   0.00079496436
4695.39   0.00077553313
4738.88   0.00075657686
4782.77   0.00073808394
4827.07   0.00072004303
4871.78   0.00070244310
4916.90   0.00068527336
4962.44   0.00066852330
5008.41   0.00065218266
5054.80   0.00063624144
5101.61   0.00062068986
5148.87   0.00060551841
5196.56   0.00059071779
5244.69   0.00057627894
5293.27   0.00056219302
5342.29   0.00054845139
5391.77   0.00053504566
5441.71   0.00052196760
5492.12   0.00050920920
5542.98   0.00049676266
5594.32   0.00048462034
5646.14   0.00047277482
5698.44   0.00046121884
5751.22   0.00044994532
5804.48   0.00043894736
5858.25   0.00042821822
5912.51   0.00041775133
5967.27   0.00040754028
6022.54   0.00039757882
6078.32   0.00038786084
6134.62   0.00037838040
6191.44   0.00036913169
6248.79   0.00036010905
6306.66   0.00035130694
6365.08   0.00034271999
6424.03   0.00033434292
6483.53   0.00032617061
6543.58   0.00031819806
6604.19   0.00031042038
6665.36   0.00030283281
6727.10   0.00029543070
6789.40   0.00028820952
6852.29   0.00028116485
6915.76   0.00027429237
6979.81   0.00026758787
7044.46   0.00026104725
7109.71   0.00025466650
7175.56   0.00024844172
7242.02   0.00024236908
7309.10   0.00023644488
7376.79   0.00023066549
7445.12   0.00022502736
7514.08   0.00021952704
7583.67   0.00021416116
7653.92   0.00020892645
7724.81   0.00020381968
7796.36   0.00019883774
7868.57   0.00019397728
7941.45   0.00018923592
8015.01   0.00018461045
8089.24   0.00018009803
8164.17   0.00017569592
8239.79   0.00017140140
8316.11   0.00016721186
8393.13   0.00016312472
8470.87   0.00015913748
8549.33   0.00015524770
8628.51   0.00015145300
8708.43   0.00014775105
8789.09   0.00014413958
8870.50   0.00014061640
8952.66   0.00013717933
9035.58   0.00013382627
9119.27   0.00013055517
9203.73   0.00012736402
9288.98   0.00012425088
9375.02   0.00012121383
9461.85   0.00011825101
9549.49   0.00011536061
9637.93   0.00011254087
9727.20   0.00010979004
9817.30   0.00010710646
9908.23   0.00010448847
10000.0   0.00010193447
