1.00000   2282.3682
1.00926   2295.4555
1.01861   2308.6605
1.02804   2321.9825
1.03757   2335.4256
1.04718   2348.9886
1.05688   2362.6658
1.06666   2376.4565
1.07654   2390.3520
1.08652   2404.3575
1.09658   2418.4732
1.10674   2432.6897
1.11699   2447.0266
1.12733   2461.4847
1.13777   2476.0866
1.14831   2490.8195
1.15895   2505.6815
1.16968   2520.6671
1.18052   2535.7765
1.19145   2551.0123
1.20249   2566.3776
1.21362   2581.8676
1.22486   2597.4811
1.23621   2613.1990
1.24766   2629.0411
1.25922   2645.0239
1.27088   2661.1892
1.28265   2677.5232
1.29453   2693.9944
1.30652   2710.5644
1.31862   2727.2301
1.33083   2744.0189
1.34316   2760.9383
1.35560   2778.0082
1.36816   2795.2299
1.38083   2812.6340
1.39362   2830.2037
1.40653   2847.9169
1.41955   2865.7305
1.43270   2883.6607
1.44597   2901.7314
1.45937   2919.9807
1.47288   2938.3945
1.48652   2956.9597
1.50029   2975.6400
1.51419   2994.4702
1.52821   3013.4612
1.54237   3032.6689
1.55665   3052.0466
1.57107   3071.5904
1.58562   3091.2733
1.60031   3111.0914
1.61513   3131.0313
1.63009   3151.0676
1.64519   3171.2622
1.66043   3191.6465
1.67581   3212.2563
1.69133   3233.0456
1.70699   3253.9921
1.72281   3275.0898
1.73876   3296.3563
1.75487   3317.8128
1.77112   3339.4413
1.78753   3361.2357
1.80408   3383.1573
1.82079   3405.2461
1.83766   3427.5092
1.85468   3449.9719
1.87186   3472.6238
1.88919   3495.4703
1.90669   3518.5091
1.92435   3541.7342
1.94217   3565.1453
1.96016   3588.7274
1.97832   3612.4789
1.99664   3636.3652
2.01514   3660.4237
2.03380   3684.6569
2.05264   3709.0870
2.07165   3733.7239
2.09084   3758.6073
2.11020   3783.7129
2.12975   3809.0108
2.14947   3834.4224
2.16938   3860.0043
2.18948   3885.7732
2.20976   3911.7656
2.23022   3937.9659
2.25088   3964.3841
2.27173   3991.0100
2.29277   4017.8342
2.31401   4044.8208
2.33544   4072.0056
2.35707   4099.4052
2.37890   4127.0425
2.40093   4154.8885
2.42317   4182.9238
2.44562   4211.1527
2.46827   4239.5875
2.49113   4268.2440
2.51420   4297.1195
2.53749   4326.2246
2.56099   4355.5540
2.58471   4385.0940
2.60865   4414.8091
2.63282   4444.7306
2.65720   4474.8794
2.68181   4505.2792
2.70665   4535.8925
2.73172   4566.6793
2.75702   4597.6640
2.78256   4628.8740
2.80833   4660.3603
2.83434   4692.0719
2.86060   4723.9806
2.88709   4756.0893
2.91383   4788.4204
2.94082   4821.0044
2.96806   4853.8334
2.99555   4886.9204
3.02329   4920.2535
3.05130   4953.8152
3.07956   4987.5653
3.10808   5021.5227
3.13687   5055.6759
3.16592   5090.0473
3.19525   5124.6660
3.22484   5159.6217
3.25471   5194.8255
3.28486   5230.2259
3.31528   5265.7963
3.34599   5301.5941
3.37698   5337.6977
3.40826   5374.0450
3.43983   5410.5980
3.47169   5447.3447
3.50384   5484.3251
3.53630   5521.5944
3.56905   5559.1167
3.60211   5596.8779
3.63547   5634.8693
3.66914   5673.1015
3.70313   5711.5719
3.73743   5750.2972
3.77204   5789.3019
3.80698   5828.5702
3.84224   5868.0727
3.87783   5907.7534
3.91375   5947.6632
3.95000   5987.8154
3.98658   6028.2305
4.02351   6068.9162
4.06077   6109.8919
4.09838   6151.1132
4.13634   6192.5263
4.17465   6234.1649
4.21332   6276.0658
4.25235   6318.2560
4.29173   6360.6995
4.33148   6403.3633
4.37160   6446.2605
4.41209   6489.3922
4.45296   6532.7646
4.49420   6576.3807
4.53583   6620.2488
4.57784   6664.3680
4.62024   6708.7425
4.66303   6753.3704
4.70622   6798.2530
4.74981   6843.3844
4.79381   6888.7436
4.83821   6934.2836
4.88302   6980.0511
4.92825   7026.0773
4.97390   7072.3797
5.01997   7118.9332
5.06646   7165.7150
5.11339   7212.7487
5.16075   7260.0602
5.20855   7307.6238
5.25679   7355.4135
5.30548   7403.3984
5.35462   7451.5885
5.40422   7499.9535
5.45427   7548.5528
5.50479   7597.4431
5.55578   7646.6088
5.60723   7695.9853
5.65917   7745.5130
5.71159   7795.2711
5.76449   7845.3493
5.81788   7895.6723
5.87177   7946.1722
5.92615   7996.8353
5.98104   8047.7156
6.03644   8098.8705
6.09235   8150.2514
6.14878   8201.8339
6.20573   8253.6177
6.26321   8305.6068
6.32122   8357.8005
6.37977   8410.1926
6.43886   8462.7758
6.49850   8515.5590
6.55869   8568.5524
6.61943   8621.7470
6.68074   8675.1263
6.74262   8728.6902
6.80507   8782.4519
6.86810   8836.4344
6.93172   8890.6002
6.99592   8944.9141
7.06072   8999.3896
7.12611   9054.0406
7.19212   9108.8729
7.25873   9163.8709
7.32596   9219.0217
7.39382   9274.3369
7.46230   9329.8327
7.53142   9385.4862
7.60118   9441.2751
7.67158   9497.1930
7.74264   9553.2499
7.81435   9609.4555
7.88673   9665.8004
7.95978   9722.2758
8.03350   9778.8878
8.10791   9835.6662
8.18301   9892.5582
8.25880   9949.4685
8.33529   10006.340
8.41250   10063.340
8.49041   10120.750
8.56905   10178.305
8.64842   10235.853
8.72853   10293.376
8.80937   10350.894
8.89097   10408.471
8.97332   10466.189
9.05643   10524.220
9.14031   10582.378
9.22497   10640.606
9.31041   10698.777
9.39665   10756.716
9.48368   10814.506
9.57152   10872.394
9.66018   10930.641
9.74965   10989.012
9.83995   11047.402
9.93109   11105.723
10.0231   11163.780
10.1159   11221.750
10.2096   11279.901
10.3042   11338.342
10.3996   11396.781
10.4959   11454.935
10.5931   11512.927
10.6913   11570.709
10.7903   11628.408
10.8902   11686.115
10.9911   11743.886
11.0929   11801.703
11.1956   11859.540
11.2993   11917.287
11.4040   11974.776
11.5096   12032.092
11.6162   12089.196
11.7238   12146.214
11.8324   12203.316
11.9420   12260.426
12.0526   12317.236
12.1642   12373.513
12.2769   12429.601
12.3906   12485.973
12.5054   12542.184
12.6212   12597.943
12.7381   12653.348
12.8561   12708.548
12.9752   12763.631
13.0953   12818.549
13.2166   12873.290
13.3391   12927.749
13.4626   12981.772
13.5873   13035.421
13.7131   13088.648
13.8402   13141.568
13.9684   13194.297
14.0977   13246.856
14.2283   13299.098
14.3601   13350.906
14.4931   13402.335
14.6273   13453.395
14.7628   13504.081
14.8996   13554.387
15.0376   13604.314
15.1768   13653.880
15.3174   13703.025
15.4593   13751.626
15.6025   13799.597
15.7470   13847.088
15.8928   13894.322
16.0400   13941.072
16.1886   13987.144
16.3385   14032.677
16.4899   14077.872
16.6426   14122.660
16.7967   14166.779
16.9523   14210.052
17.1093   14252.628
17.2678   14294.588
17.4277   14336.002
17.5892   14377.096
17.7521   14417.574
17.9165   14457.124
18.0824   14495.773
18.2499   14533.688
18.4190   14571.027
18.5896   14607.792
18.7617   14644.080
18.9355   14679.604
19.1109   14714.034
19.2879   14747.519
19.4666   14780.059
19.6469   14811.786
19.8288   14842.803
20.0125   14873.146
20.1979   14902.685
20.3849   14931.316
20.5737   14958.994
20.7643   14985.559
20.9566   15011.237
21.1507   15036.247
21.3466   15060.434
21.5443   15083.630
21.7439   15105.768
21.9453   15126.856
22.1486   15146.904
22.3537   15165.958
22.5607   15184.085
22.7697   15201.009
22.9806   15216.424
23.1935   15230.408
23.4083   15242.889
23.6251   15254.015
23.8439   15263.800
24.0648   15272.495
24.2876   15280.263
24.5126   15287.329
24.7396   15293.445
24.9688   15298.394
25.2001   15302.521
25.4335   15306.105
25.6690   15309.109
25.9068   15311.497
26.1467   15313.278
26.3889   15314.556
26.6333   15315.160
26.8800   15314.752
27.1290   15312.944
27.3803   15309.913
27.6339   15305.874
27.8898   15300.215
28.1481   15292.411
28.4088   15282.493
28.6720   15270.502
28.9375   15256.459
29.2056   15240.280
29.4761   15222.052
29.7491   15201.867
30.0246   15179.917
30.3027   15156.221
30.5834   15130.869
30.8666   15103.965
31.1525   15075.499
31.4411   15045.768
31.7323   15015.079
32.0262   14983.372
32.3228   14950.304
32.6222   14915.663
32.9244   14879.600
33.2293   14842.169
33.5371   14803.097
33.8477   14762.131
34.1612   14719.183
34.4776   14674.111
34.7970   14626.860
35.1193   14577.244
35.4446   14525.504
35.7729   14471.980
36.1042   14416.910
36.4386   14359.864
36.7761   14300.575
37.1167   14239.636
37.4605   14177.660
37.8075   14114.533
38.1576   14050.355
38.5111   13985.044
38.8678   13918.336
39.2278   13850.495
39.5911   13782.013
39.9578   13713.086
40.3279   13643.124
40.7014   13571.638
41.0784   13499.065
41.4589   13425.692
41.8429   13351.506
42.2304   13276.672
42.6216   13200.970
43.0164   13124.167
43.4148   13046.201
43.8169   12967.107
44.2227   12886.993
44.6323   12806.020
45.0457   12724.366
45.4630   12641.701
45.8840   12557.645
46.3090   12472.421
46.7379   12386.087
47.1708   12298.681
47.6077   12210.152
48.0487   12120.653
48.4937   12030.360
48.9429   11939.314
49.3962   11847.210
49.8537   11753.900
50.3155   11659.866
50.7815   11565.703
51.2519   11470.990
51.7266   11375.432
52.2057   11279.287
52.6892   11182.671
53.1772   11085.853
53.6698   10989.056
54.1669   10892.331
54.6686   10795.376
55.1749   10698.068
55.6860   10600.751
56.2017   10503.784
56.7223   10407.013
57.2477   10310.319
57.7779   10213.975
58.3131   10118.252
58.8532   10023.100
59.3983   9928.3724
59.9484   9834.1013
60.5037   9740.4523
61.0641   9647.5329
61.6297   9555.2980
62.2005   9463.7334
62.7766   9372.8909
63.3581   9282.7867
63.9449   9193.4938
64.5372   9105.0788
65.1349   9017.5748
65.7382   8931.0304
66.3471   8845.4466
66.9616   8760.8265
67.5818   8677.1806
68.2078   8594.5803
68.8395   8513.0682
69.4771   8432.6338
70.1206   8353.2484
70.7701   8274.9936
71.4256   8197.9135
72.0871   8122.0863
72.7548   8047.6041
73.4287   7974.4836
74.1088   7902.7149
74.7952   7832.3407
75.4880   7763.4701
76.1872   7696.1752
76.8928   7630.4568
77.6050   7566.3178
78.3238   7503.7926
79.0493   7442.9672
79.7814   7383.7006
80.5204   7325.9537
81.2662   7269.5956
82.0189   7214.5976
82.7786   7160.8555
83.5453   7108.4269
84.3191   7057.2088
85.1001   7007.1434
85.8883   6958.0932
86.6838   6910.1214
87.4867   6863.2630
88.2970   6817.3740
89.1148   6772.3296
89.9402   6728.1307
90.7733   6684.8489
91.6140   6642.3622
92.4626   6600.6110
93.3190   6559.4528
94.1833   6518.9031
95.0557   6478.8387
95.9361   6439.1955
96.8247   6399.8273
97.7215   6360.6510
98.6266   6321.5276
99.5401   6282.4047
100.462   6243.2586
101.393   6203.9602
102.332   6164.4455
103.279   6124.6026
104.236   6084.4326
105.202   6043.8312
106.176   6002.7644
107.159   5961.1087
108.152   5918.7307
109.154   5875.4360
110.165   5831.1388
111.185   5785.7253
112.215   5739.0767
113.254   5691.0377
114.303   5641.6626
115.362   5590.9644
116.430   5539.1476
117.509   5486.3342
118.597   5432.7790
119.696   5378.5270
120.804   5323.7604
121.923   5268.2059
123.052   5211.7954
124.192   5154.1015
125.342   5094.8201
126.503   5033.6595
127.675   4970.2877
128.858   4904.8486
130.051   4837.5494
131.256   4768.8175
132.471   4698.7915
133.698   4627.9139
134.937   4556.3047
136.186   4484.3366
137.448   4412.0130
138.721   4339.4645
140.006   4266.7624
141.303   4193.8990
142.611   4121.0952
143.932   4048.4669
145.265   3976.2640
146.611   3904.5460
147.969   3833.5656
149.339   3763.4488
150.722   3694.4542
152.119   3626.6429
153.527   3560.1542
154.949   3495.1460
156.385   3431.7669
157.833   3370.1684
159.295   3310.4809
160.770   3252.8069
162.259   3197.1906
163.762   3143.7221
165.279   3092.5086
166.810   3043.6263
168.355   2997.0814
169.914   2952.8757
171.488   2910.9923
173.076   2871.4140
174.680   2834.1008
176.297   2799.1300
177.930   2766.2597
179.578   2735.3730
181.242   2706.2793
182.920   2679.0817
184.615   2653.5444
186.325   2629.5290
188.050   2606.7070
189.792   2585.0589
191.550   2564.4039
193.324   2544.5091
195.115   2525.1417
196.922   2506.0621
198.746   2487.1292
200.587   2468.0711
202.445   2448.8288
204.320   2429.0854
206.212   2408.7275
208.122   2387.4450
210.050   2365.1623
211.995   2341.6437
213.959   2316.8511
215.941   2290.6257
217.941   2262.9942
219.959   2233.9128
221.997   2203.4034
224.053   2171.4148
226.128   2138.0663
228.222   2103.3724
230.336   2067.5365
232.470   2030.6206
234.623   1992.8690
236.796   1954.3380
238.989   1915.2487
241.203   1875.7794
243.437   1836.1939
245.692   1796.6562
247.967   1757.2623
250.264   1718.3775
252.582   1680.2091
254.921   1643.0844
257.283   1607.0826
259.666   1572.4989
262.071   1539.4623
264.498   1508.2139
266.948   1478.7728
269.420   1451.2525
271.916   1425.6286
274.434   1401.9748
276.976   1380.1368
279.542   1360.1015
282.131   1341.6343
284.744   1324.6754
287.381   1308.9416
290.043   1294.3961
292.729   1280.7302
295.441   1267.8757
298.177   1255.5225
300.939   1243.5478
303.726   1231.6653
306.539   1219.7125
309.379   1207.4833
312.244   1194.7488
315.136   1181.3443
318.055   1167.0577
321.001   1151.7573
323.974   1135.3593
326.975   1117.8640
330.003   1099.3425
333.060   1079.8763
336.145   1059.6402
339.258   1038.7308
342.401   1017.3072
345.572   995.58852
348.773   973.77591
352.003   952.08278
355.263   930.60237
358.554   909.62485
361.875   889.29901
365.227   869.85500
368.609   851.31771
372.024   833.83138
375.469   817.45477
378.947   802.29252
382.457   788.28644
385.999   775.46382
389.574   763.64351
393.183   752.74949
396.824   742.56814
400.500   733.02942
404.209   723.86481
407.953   715.00284
411.732   706.15623
415.545   697.24051
419.394   688.00516
423.279   678.41729
427.199   668.31603
431.156   657.72075
435.150   646.53542
439.180   634.87993
443.248   622.76445
447.353   610.35504
451.497   597.71560
455.678   585.04474
459.899   572.40053
464.159   559.98904
468.458   547.87618
472.797   536.24204
477.176   525.12390
481.596   514.64936
486.056   504.79337
490.558   495.61957
495.102   487.02994
499.688   479.01435
504.316   471.42776
508.987   464.22431
513.701   457.22437
518.459   450.36947
523.261   443.49106
528.108   436.55998
532.999   429.45868
537.936   422.18768
542.919   414.68477
547.947   406.99726
553.022   399.10656
558.145   391.12730
563.314   383.11468
568.532   375.18341
573.798   367.38622
579.112   359.82223
584.476   352.52157
589.890   345.54259
595.353   338.88450
600.868   332.55813
606.433   326.53663
612.050   320.80374
617.719   315.28062
623.440   309.90313
629.215   304.60690
635.043   299.34588
640.924   294.06901
646.861   288.75117
652.852   283.37839
658.899   277.96054
665.002   272.52274
671.161   267.09039
677.378   261.71156
683.652   256.41901
689.984   251.27412
696.374   246.27726
702.824   241.45613
709.334   236.80163
715.904   232.32406
722.535   227.99015
729.227   223.78708
735.981   219.66906
742.798   215.61996
749.678   211.59956
756.622   207.60830
763.630   203.62635
770.703   199.66492
777.841   195.71721
785.046   191.81539
792.317   187.98417
799.655   184.23463
807.062   180.57697
814.537   177.01536
822.081   173.55389
829.696   170.18552
837.380   166.90760
845.136   163.70242
852.964   160.55643
860.865   157.44419
868.838   154.37236
876.885   151.33301
885.007   148.33407
893.204   145.37720
901.477   142.47050
909.827   139.62116
918.254   136.83284
926.759   134.10842
935.343   131.44533
944.006   128.84143
952.750   126.28910
961.574   123.78440
970.481   121.31788
979.469   118.89511
988.541   116.51880
997.698   114.18611
1006.94   111.89513
1016.26   109.64690
1025.68   107.44549
1035.18   105.28727
1044.77   103.16884
1054.44   101.08707
1064.21   99.045647
1074.07   97.044463
1084.01   95.082445
1094.05   93.157485
1104.19   91.270035
1114.41   89.420272
1124.74   87.606090
1135.15   85.826035
1145.67   84.079620
1156.28   82.368606
1166.99   80.690962
1177.80   79.046024
1188.71   77.431581
1199.72   75.849115
1210.83   74.297473
1222.04   72.776438
1233.36   71.284646
1244.79   69.821983
1256.32   68.388129
1267.95   66.981970
1279.70   65.603068
1291.55   64.250613
1303.51   62.925306
1315.59   61.625939
1327.77   60.352862
1340.07   59.104515
1352.48   57.880785
1365.01   56.680198
1377.65   55.503614
1390.41   54.350993
1403.29   53.221465
1416.29   52.114328
1429.40   51.028958
1442.64   49.965352
1456.01   48.922572
1469.49   47.900827
1483.10   46.899204
1496.84   45.918347
1510.70   44.957195
1524.70   44.015422
1538.82   43.091694
1553.07   42.186666
1567.46   41.300289
1581.97   40.431940
1596.63   39.581189
1611.41   38.747435
1626.34   37.930659
1641.40   37.130145
1656.61   36.346229
1671.95   35.578016
1687.44   34.825549
1703.06   34.087987
1718.84   33.365747
1734.76   32.658357
1750.83   31.965591
1767.04   31.286805
1783.41   30.621784
1799.93   29.970320
1816.60   29.331844
1833.43   28.705998
1850.41   28.092853
1867.55   27.493578
1884.84   26.907391
1902.30   26.333596
1919.92   25.770796
1937.70   25.219113
1955.65   24.677793
1973.76   24.147692
1992.05   23.629557
2010.50   23.122555
2029.12   22.626601
2047.91   22.140662
2066.88   21.663756
2086.02   21.196261
2105.34   20.739908
2124.84   20.294085
2144.53   19.857320
2164.39   19.428201
2184.44   19.007895
2204.67   18.596684
2225.09   18.194069
2245.70   17.799345
2266.50   17.412988
2287.49   17.035559
2308.68   16.666294
2330.06   16.304859
2351.64   15.950685
2373.42   15.603878
2395.41   15.264048
2417.59   14.931433
2439.99   14.605756
2462.59   14.286945
2485.39   13.974627
2508.41   13.669145
2531.65   13.371036
2555.10   13.079278
2578.76   12.793103
2602.65   12.512589
2626.75   12.238049
2651.08   11.969465
2675.64   11.707227
2700.42   11.450836
2725.43   11.199622
2750.68   10.952887
2776.15   10.711576
2801.87   10.476282
2827.82   10.246080
2854.01   10.019842
2880.44   9.7983621
2907.12   9.5823808
2934.05   9.3712583
2961.22   9.1644887
2988.65   8.9618026
3016.33   8.7635281
3044.27   8.5695242
3072.47   8.3797609
3100.93   8.1940195
3129.65   8.0122899
3158.64   7.8343669
3187.89   7.6603318
3217.42   7.4902794
3247.22   7.3239161
3277.30   7.1610633
3307.65   7.0016367
3338.29   6.8458130
3369.21   6.6933459
3400.41   6.5440914
3431.91   6.3978763
3463.69   6.2549954
3495.78   6.1154619
3528.15   5.9790568
3560.83   5.8454676
3593.81   5.7147576
3627.10   5.5868993
3660.70   5.4617737
3694.60   5.3393250
3728.82   5.2194881
3763.36   5.1023547
3798.22   4.9878002
3833.40   4.8758397
3868.90   4.7663139
3904.74   4.6592354
3940.90   4.5544592
3977.40   4.4520023
4014.24   4.3517732
4051.42   4.2537762
4088.95   4.1580383
4126.82   4.0643963
4165.04   3.9727459
4203.62   3.8830395
4242.56   3.7953941
4281.85   3.7096814
4321.51   3.6258284
4361.54   3.5437115
4401.94   3.4634631
4442.71   3.3850738
4483.86   3.3084547
4525.39   3.2334619
4567.30   3.1601289
4609.60   3.0884597
4652.30   3.0183867
4695.39   2.9499190
4738.88   2.8829460
4782.77   2.8174341
4827.07   2.7533165
4871.78   2.6906764
4916.90   2.6294593
4962.44   2.5696196
5008.41   2.5110526
5054.80   2.4538098
5101.61   2.3979035
5148.87   2.3432417
5196.56   2.2897326
5244.69   2.2373858
5293.27   2.1862488
5342.29   2.1362613
5391.77   2.0874205
5441.71   2.0396533
5492.12   1.9929727
5542.98   1.9473179
5594.32   1.9027141
5646.14   1.8591237
5698.44   1.8165204
5751.22   1.7748389
5804.48   1.7340962
5858.25   1.6943159
5912.51   1.6554308
5967.27   1.6174165
6022.54   1.5802196
6078.32   1.5438368
6134.62   1.5082499
6191.44   1.4735287
6248.79   1.4396494
6306.66   1.4065417
6365.08   1.3741001
6424.03   1.3423796
6483.53   1.3113979
6543.58   1.2811180
6604.19   1.2515192
6665.36   1.2225881
6727.10   1.1943444
6789.40   1.1667469
6852.29   1.1397942
6915.76   1.1134364
6979.81   1.0876697
7044.46   1.0624578
7109.71   1.0378324
7175.56   1.0137933
7242.02   0.99031189
7309.10   0.96734750
7376.79   0.94490207
7445.12   0.92297695
7514.08   0.90154576
7583.67   0.88060380
7653.92   0.86012811
7724.81   0.84013167
7796.36   0.82058908
7868.57   0.80149948
7941.45   0.78283860
8015.01   0.76461318
8089.24   0.74680806
8164.17   0.72941254
8239.79   0.71240273
8316.11   0.69578022
8393.13   0.67955027
8470.87   0.66369138
8549.33   0.64819933
8628.51   0.63305431
8708.43   0.61826296
8789.09   0.60380719
8870.50   0.58969305
8952.66   0.57590286
9035.58   0.56243619
9119.27   0.54927593
9203.73   0.53641762
9288.98   0.52384506
9375.02   0.51156132
9461.85   0.49957596
9549.49   0.48786757
9637.93   0.47642726
9727.20   0.46524042
9817.30   0.45431671
9908.23   0.44364482
10000.0   0.43322793
