1.00000   28835.661
1.00926   28810.993
1.01861   28784.515
1.02804   28756.409
1.03757   28726.741
1.04718   28695.473
1.05688   28662.852
1.06666   28628.816
1.07654   28593.331
1.08652   28556.363
1.09658   28518.086
1.10674   28478.492
1.11699   28437.815
1.12733   28395.947
1.13777   28352.738
1.14831   28308.064
1.15895   28261.834
1.16968   28214.070
1.18052   28164.776
1.19145   28113.883
1.20249   28061.284
1.21362   28006.965
1.22486   27950.767
1.23621   27892.530
1.24766   27832.117
1.25922   27769.287
1.27088   27704.168
1.28265   27636.662
1.29453   27566.785
1.30652   27494.694
1.31862   27420.395
1.33083   27344.107
1.34316   27265.727
1.35560   27185.123
1.36816   27102.368
1.38083   27017.777
1.39362   26931.463
1.40653   26843.812
1.41955   26754.603
1.43270   26663.753
1.44597   26571.347
1.45937   26477.513
1.47288   26382.299
1.48652   26285.904
1.50029   26188.296
1.51419   26089.620
1.52821   25989.845
1.54237   25888.832
1.55665   25786.446
1.57107   25682.664
1.58562   25577.506
1.60031   25470.849
1.61513   25362.897
1.63009   25253.670
1.64519   25143.501
1.66043   25032.118
1.67581   24919.496
1.69133   24805.524
1.70699   24690.131
1.72281   24573.206
1.73876   24454.668
1.75487   24334.681
1.77112   24213.368
1.78753   24090.736
1.80408   23966.666
1.82079   23841.036
1.83766   23713.874
1.85468   23585.189
1.87186   23455.032
1.88919   23323.332
1.90669   23190.026
1.92435   23055.077
1.94217   22918.628
1.96016   22780.711
1.97832   22641.468
1.99664   22500.890
2.01514   22358.961
2.03380   22215.914
2.05264   22071.811
2.07165   21927.005
2.09084   21781.151
2.11020   21634.005
2.12975   21485.610
2.14947   21336.378
2.16938   21186.836
2.18948   21036.894
2.20976   20886.389
2.23022   20735.082
2.25088   20583.294
2.27173   20431.087
2.29277   20278.659
2.31401   20126.019
2.33544   19973.177
2.35707   19820.387
2.37890   19667.758
2.40093   19515.624
2.42317   19363.765
2.44562   19212.125
2.46827   19060.719
2.49113   18909.660
2.51420   18759.052
2.53749   18608.949
2.56099   18459.385
2.58471   18310.441
2.60865   18162.194
2.63282   18014.739
2.65720   17868.142
2.68181   17722.460
2.70665   17577.794
2.73172   17434.031
2.75702   17291.107
2.78256   17149.049
2.80833   17007.981
2.83434   16868.001
2.86060   16729.206
2.88709   16591.738
2.91383   16455.619
2.94082   16320.789
2.96806   16187.110
2.99555   16054.704
3.02329   15923.642
3.05130   15793.984
3.07956   15665.794
3.10808   15539.098
3.13687   15414.039
3.16592   15290.746
3.19525   15169.326
3.22484   15049.749
3.25471   14931.966
3.28486   14816.125
3.31528   14702.385
3.34599   14590.839
3.37698   14481.415
3.40826   14374.054
3.43983   14268.790
3.47169   14165.724
3.50384   14064.849
3.53630   13966.176
3.56905   13869.768
3.60211   13775.445
3.63547   13683.273
3.66914   13592.990
3.70313   13504.513
3.73743   13417.505
3.77204   13332.027
3.80698   13248.146
3.84224   13165.765
3.87783   13084.894
3.91375   13005.438
3.95000   12927.401
3.98658   12850.879
4.02351   12775.681
4.06077   12701.736
4.09838   12628.782
4.13634   12556.930
4.17465   12486.339
4.21332   12416.696
4.25235   12347.890
4.29173   12279.560
4.33148   12211.696
4.37160   12144.075
4.41209   12076.703
4.45296   12009.713
4.49420   11942.932
4.53583   11876.169
4.57784   11809.045
4.62024   11741.595
4.66303   11673.813
4.70622   11605.502
4.74981   11536.592
4.79381   11466.869
4.83821   11396.320
4.88302   11324.989
4.92825   11252.509
4.97390   11178.707
5.01997   11103.248
5.06646   11026.134
5.11339   10947.200
5.16075   10866.277
5.20855   10783.144
5.25679   10697.774
5.30548   10610.047
5.35462   10520.098
5.40422   10428.462
5.45427   10335.993
5.50479   10242.385
5.55578   10147.601
5.60723   10051.493
5.65917   9954.0527
5.71159   9855.1259
5.76449   9754.0716
5.81788   9650.3150
5.87177   9543.4380
5.92615   9433.0063
5.98104   9318.9937
6.03644   9201.7989
6.09235   9081.8701
6.14878   8959.7037
6.20573   8835.7470
6.26321   8710.5344
6.32122   8584.1936
6.37977   8457.2171
6.43886   8329.5727
6.49850   8201.5319
6.55869   8073.1746
6.61943   7944.5500
6.68074   7815.9676
6.74262   7687.4906
6.80507   7559.5211
6.86810   7432.2505
6.93172   7306.1163
6.99592   7181.2815
7.06072   7057.9235
7.12611   6936.4095
7.19212   6816.9149
7.25873   6699.7966
7.32596   6585.1349
7.39382   6473.1776
7.46230   6364.1244
7.53142   6258.2265
7.60118   6155.6407
7.67158   6056.4847
7.74264   5960.9185
7.81435   5869.0743
7.88673   5781.1005
7.95978   5696.9841
8.03350   5616.8066
8.10791   5540.4751
8.18301   5468.0425
8.25880   5399.3855
8.33529   5334.6590
8.41250   5273.7054
8.49041   5216.2699
8.56905   5161.9148
8.64842   5110.6250
8.72853   5062.5133
8.80937   5017.1071
8.89097   4974.2895
8.97332   4933.5045
9.05643   4894.6954
9.14031   4857.4545
9.22497   4821.4810
9.31041   4786.5380
9.39665   4752.0917
9.48368   4717.9585
9.57152   4683.6031
9.66018   4649.0270
9.74965   4613.7960
9.83995   4577.5897
9.93109   4539.8551
10.0231   4500.4342
10.1159   4459.1783
10.2096   4415.7588
10.3042   4369.9826
10.3996   4321.6343
10.4959   4270.8013
10.5931   4217.4969
10.6913   4161.7132
10.7903   4103.3673
10.8902   4042.6550
10.9911   3979.5239
11.0929   3914.3698
11.1956   3847.3529
11.2993   3778.9343
11.4040   3709.1308
11.5096   3638.1337
11.6162   3566.4203
11.7238   3494.3278
11.8324   3422.3131
11.9420   3350.4399
12.0526   3279.3251
12.1642   3209.1967
12.2769   3140.7063
12.3906   3074.0512
12.5054   3009.7429
12.6212   2948.0117
12.7381   2889.1791
12.8561   2833.4495
12.9752   2780.9553
13.0953   2731.8074
13.2166   2686.1044
13.3391   2643.8344
13.4626   2604.7660
13.5873   2568.6681
13.7131   2535.2823
13.8402   2504.5122
13.9684   2475.9116
14.0977   2449.4453
14.2283   2424.5311
14.3601   2401.0150
14.4931   2378.2956
14.6273   2356.2473
14.7628   2334.5253
14.8996   2312.6753
15.0376   2290.3484
15.1768   2267.0940
15.3174   2242.7766
15.4593   2216.9407
15.6025   2189.4146
15.7470   2159.8654
15.8928   2128.4259
16.0400   2095.0322
16.1886   2059.9410
16.3385   2023.1956
16.4899   1985.2164
16.6426   1946.1132
16.7967   1906.4186
16.9523   1866.2716
17.1093   1826.2115
17.2678   1786.3504
17.4277   1747.0898
17.5892   1708.7605
17.7521   1671.8082
17.9165   1636.4263
18.0824   1602.7605
18.2499   1571.0178
18.4190   1541.3207
18.5896   1513.7533
18.7617   1488.3032
18.9355   1464.9126
19.1109   1443.3354
19.2879   1423.3682
19.4666   1404.6712
19.6469   1387.0922
19.8288   1370.1679
20.0125   1353.7847
20.1979   1337.4258
20.3849   1320.9504
20.5737   1303.8968
20.7643   1286.2183
20.9566   1267.6040
21.1507   1248.0983
21.3466   1227.5563
21.5443   1206.1311
21.7439   1183.8104
21.9453   1160.8983
22.1486   1137.5229
22.3537   1114.0578
22.5607   1090.5838
22.7697   1067.4244
22.9806   1044.7394
23.1935   1022.8287
23.4083   1001.8231
23.6251   981.92281
23.8439   963.17197
24.0648   945.62937
24.2876   929.20938
24.5126   913.87043
24.7396   899.41035
24.9688   885.71502
25.2001   872.53719
25.4335   859.69443
25.6690   846.94164
25.9068   834.12255
26.1467   821.11365
26.3889   807.78886
26.6333   794.10119
26.8800   780.01924
27.1290   765.56618
27.3803   750.81747
27.6339   735.91454
27.8898   721.04195
28.1481   706.32487
28.4088   691.91400
28.6720   677.93031
28.9375   664.46979
29.2056   651.59444
29.4761   639.32336
29.7491   627.64003
30.0246   616.52204
30.3027   605.88879
30.5834   595.63884
30.8666   585.62740
31.1525   575.76820
31.4411   565.95582
31.7323   556.11473
32.0262   546.18625
32.3228   536.15681
32.6222   526.04233
32.9244   515.89394
33.2293   505.75514
33.5371   495.71377
33.8477   485.82637
34.1612   476.20259
34.4776   466.85049
34.7970   457.82575
35.1193   449.11211
35.4446   440.72202
35.7729   432.59895
36.1042   424.72053
36.4386   417.00428
36.7761   409.42151
37.1167   401.89253
37.4605   394.42280
37.8075   386.96976
38.1576   379.55551
38.5111   372.16392
38.8678   364.84790
39.2278   357.64391
39.5911   350.59074
39.9578   343.70003
40.3279   336.99007
40.7014   330.45854
41.0784   324.10362
41.4589   317.91191
41.8429   311.87588
42.2304   305.95462
42.6216   300.10844
43.0164   294.33117
43.4148   288.61961
43.8169   282.97560
44.2227   277.40494
44.6323   271.91964
45.0457   266.53205
45.4630   261.25824
45.8840   256.09850
46.3090   251.06319
46.7379   246.13580
47.1708   241.30756
47.6077   236.56886
48.0487   231.91450
48.4937   227.33850
48.9429   222.84324
49.3962   218.42599
49.8537   214.09035
50.3155   209.83506
50.7815   205.65932
51.2519   201.55981
51.7266   197.53745
52.2057   193.59261
52.6892   189.72278
53.1772   185.92895
53.6698   182.20627
54.1669   178.55407
54.6686   174.96819
55.1749   171.45092
55.6860   167.99947
56.2017   164.61490
56.7223   161.29496
57.2477   158.03990
57.7779   154.84990
58.3131   151.72138
58.8532   148.65276
59.3983   145.64133
59.9484   142.68747
60.5037   139.78890
61.0641   136.94786
61.6297   134.16181
62.2005   131.43004
62.7766   128.74914
63.3581   126.12060
63.9449   123.54465
64.5372   121.01860
65.1349   118.54077
65.7382   116.10958
66.3471   113.72536
66.9616   111.38623
67.5818   109.09311
68.2078   106.84431
68.8395   104.64107
69.4771   102.48191
70.1206   100.36674
70.7701   98.293923
71.4256   96.261996
72.0871   94.268684
72.7548   92.313593
73.4287   90.396912
74.1088   88.517767
74.7952   86.677745
75.4880   84.874625
76.1872   83.107667
76.8928   81.374325
77.6050   79.675821
78.3238   78.011221
79.0493   76.380369
79.7814   74.782718
80.5204   73.217054
81.2662   71.682758
82.0189   70.178615
82.7786   68.704807
83.5453   67.260077
84.3191   65.845241
85.1001   64.458816
85.8883   63.100810
86.6838   61.769587
87.4867   60.465748
88.2970   59.188777
89.1148   57.937624
89.9402   56.711227
90.7733   55.509082
91.6140   54.330957
92.4626   53.176852
93.3190   52.048688
94.1833   50.944674
95.0557   49.863379
95.9361   48.802209
96.8247   47.761952
97.7215   46.741655
98.6266   45.742433
99.5401   44.765340
100.462   43.809141
101.393   42.874059
102.332   41.957919
103.279   41.058888
104.236   40.177237
105.202   39.316033
106.176   38.474545
107.159   37.650296
108.152   36.840486
109.154   36.046901
110.165   35.269902
111.185   34.509033
112.215   33.763908
113.254   33.034532
114.303   32.321566
115.362   31.623788
116.430   30.940863
117.509   30.271510
118.597   29.615655
119.696   28.972632
120.804   28.343595
121.923   27.728776
123.052   27.126847
124.192   26.535660
125.342   25.956975
126.503   25.392513
127.675   24.840445
128.858   24.299531
130.051   23.769138
131.256   23.249792
132.471   22.741300
133.698   22.244262
134.937   21.758285
136.186   21.282491
137.448   20.815435
138.721   20.358365
140.006   19.912658
141.303   19.476522
142.611   19.048536
143.932   18.629194
145.265   18.219854
146.611   17.819812
147.969   17.428208
149.339   17.044126
150.722   16.668184
152.119   16.300250
153.527   15.940286
154.949   15.588079
156.385   15.243418
157.833   14.905943
159.295   14.575759
160.770   14.253349
162.259   13.937963
163.762   13.629055
165.279   13.326265
166.810   13.030223
168.355   12.740813
169.914   12.457765
171.488   12.180583
173.076   11.909484
174.680   11.644527
176.297   11.385299
177.930   11.131400
179.578   10.882923
181.242   10.640308
182.920   10.403044
184.615   10.170667
186.325   9.9428462
188.050   9.7200916
189.792   9.5024238
191.550   9.2896689
193.324   9.0815275
195.115   8.8779882
196.922   8.6789052
198.746   8.4841464
200.587   8.2936157
202.445   8.1072223
204.320   7.9251312
206.212   7.7470543
208.122   7.5728788
210.050   7.4023344
211.995   7.2356204
213.959   7.0726075
215.941   6.9131669
217.941   6.7569942
219.959   6.6042550
221.997   6.4550766
224.053   6.3092251
226.128   6.1665964
228.222   6.0270647
230.336   5.8907070
232.470   5.7573601
234.623   5.6270690
236.796   5.4996227
238.989   5.3749630
241.203   5.2528687
243.437   5.1335033
245.692   5.0169503
247.967   4.9030203
250.264   4.7915682
252.582   4.6825587
254.921   4.5760641
257.283   4.4719069
259.666   4.3700110
262.071   4.2702702
264.498   4.1728365
266.948   4.0776492
269.420   3.9846328
271.916   3.8936183
274.434   3.8046530
276.976   3.7177093
279.542   3.6327225
282.131   3.5496882
284.744   3.4684712
287.381   3.3889912
290.043   3.3112263
292.729   3.2353265
295.441   3.1612107
298.177   3.0888025
300.939   3.0179383
303.726   2.9486475
306.539   2.8808427
309.379   2.8145824
312.244   2.7499443
315.136   2.6867630
318.055   2.6249156
321.001   2.5644102
323.974   2.5053491
326.975   2.4476414
330.003   2.3912273
333.060   2.3360215
336.145   2.2821076
339.258   2.2294573
342.401   2.1780204
345.572   2.1276992
348.773   2.0785158
352.003   2.0304603
355.263   1.9834964
358.554   1.9376243
361.875   1.8927839
365.227   1.8489738
368.609   1.8061308
372.024   1.7642672
375.469   1.7233304
378.947   1.6833425
382.457   1.6442654
385.999   1.6060933
389.574   1.5687872
393.183   1.5323316
396.824   1.4966957
400.500   1.4618727
404.209   1.4278917
407.953   1.3946874
411.732   1.3622284
415.545   1.3304737
419.394   1.2994689
423.279   1.2691846
427.199   1.2396013
431.156   1.2106657
435.150   1.1823981
439.180   1.1547907
443.248   1.1278228
447.353   1.1014802
451.497   1.0757419
455.678   1.0506157
459.899   1.0260592
464.159   1.0020595
468.458   0.97858922
472.797   0.95567547
477.176   0.93329629
481.596   0.91143917
486.056   0.89006593
490.558   0.86918698
495.102   0.84879339
499.688   0.82887558
504.316   0.80943660
508.987   0.79044276
513.701   0.77187699
518.459   0.75372416
523.261   0.73600750
528.108   0.71870576
532.999   0.70181206
537.936   0.68529672
542.919   0.66916860
547.947   0.65341189
553.022   0.63802151
558.145   0.62298199
563.314   0.60828946
568.532   0.59394419
573.798   0.57993038
579.112   0.56624897
584.476   0.55288216
589.890   0.53983527
595.353   0.52708792
600.868   0.51464011
606.433   0.50247226
612.050   0.49058956
617.719   0.47898161
623.440   0.46764637
629.215   0.45657866
635.043   0.44576969
640.924   0.43521801
646.861   0.42490957
652.852   0.41484351
658.899   0.40500705
665.002   0.39540620
671.161   0.38602764
677.378   0.37687068
683.652   0.36792153
689.984   0.35918435
696.374   0.35065354
702.824   0.34232376
709.334   0.33418756
715.904   0.32624085
722.535   0.31848499
729.227   0.31090929
735.981   0.30351260
742.798   0.29628520
749.678   0.28923164
756.622   0.28234275
763.630   0.27561878
770.703   0.26905013
777.841   0.26263784
785.046   0.25637600
792.317   0.25026170
799.655   0.24429049
807.062   0.23845881
814.537   0.23276823
822.081   0.22720995
829.696   0.22178189
837.380   0.21647753
845.136   0.21130177
852.964   0.20624918
860.865   0.20131999
868.838   0.19650690
876.885   0.19180609
885.007   0.18720601
893.204   0.18271530
901.477   0.17834273
909.827   0.17407703
918.254   0.16991315
926.759   0.16584407
935.343   0.16187076
944.006   0.15798727
952.750   0.15419440
961.574   0.15048816
970.481   0.14687260
979.469   0.14334645
988.541   0.13990469
997.698   0.13653843
1006.94   0.13325218
1016.26   0.13004970
1025.68   0.12692484
1035.18   0.12387500
1044.77   0.12089617
1054.44   0.11799087
1064.21   0.11515360
1074.07   0.11238150
1084.01   0.10967025
1094.05   0.10702731
1104.19   0.10445532
1114.41   0.10194433
1124.74   0.099479733
1135.15   0.097072171
1145.67   0.094729733
1156.28   0.092445466
1166.99   0.090214487
1177.80   0.088034759
1188.71   0.085910316
1199.72   0.083837990
1210.83   0.081814791
1222.04   0.079836131
1233.36   0.077905337
1244.79   0.076022388
1256.32   0.074185674
1267.95   0.072393922
1279.70   0.070644097
1291.55   0.068932643
1303.51   0.067260838
1315.59   0.065632952
1327.77   0.064045156
1340.07   0.062493717
1352.48   0.060975911
1365.01   0.059495970
1377.65   0.058053844
1390.41   0.056646929
1403.29   0.055271480
1416.29   0.053929224
1429.40   0.052620827
1442.64   0.051344531
1456.01   0.050100237
1469.49   0.048885280
1483.10   0.047698318
1496.84   0.046538088
1510.70   0.045406181
1524.70   0.044301592
1538.82   0.043224136
1553.07   0.042172334
1567.46   0.041146863
1581.97   0.040147300
1596.63   0.039171635
1611.41   0.038216720
1626.34   0.037284046
1641.40   0.036374903
1656.61   0.035488143
1671.95   0.034623655
1687.44   0.033779942
1703.06   0.032957205
1718.84   0.032153827
1734.76   0.031369664
1750.83   0.030603369
1767.04   0.029855815
1783.41   0.029127071
1799.93   0.028416265
1816.60   0.027722514
1833.43   0.027045516
1850.41   0.026385478
1867.55   0.025741226
1884.84   0.025112517
1902.30   0.024498242
1919.92   0.023898442
1937.70   0.023312525
1955.65   0.022741424
1973.76   0.022185037
1992.05   0.021642564
2010.50   0.021112792
2029.12   0.020595761
2047.91   0.020091048
2066.88   0.019598500
2086.02   0.019118347
2105.34   0.018649912
2124.84   0.018193287
2144.53   0.017747509
2164.39   0.017312316
2184.44   0.016887024
2204.67   0.016472409
2225.09   0.016068396
2245.70   0.015674204
2266.50   0.015288558
2287.49   0.014912266
2308.68   0.014546036
2330.06   0.014188909
2351.64   0.013840334
2373.42   0.013499948
2395.41   0.013168118
2417.59   0.012844323
2439.99   0.012528404
2462.59   0.012219838
2485.39   0.011919000
2508.41   0.011625731
2531.65   0.011339712
2555.10   0.011060385
2578.76   0.010787801
2602.65   0.010521929
2626.75   0.010262448
2651.08   0.010009233
2675.64   0.0097620934
2700.42   0.0095213261
2725.43   0.0092865335
2750.68   0.0090575445
2776.15   0.0088338803
2801.87   0.0086157339
2827.82   0.0084029099
2854.01   0.0081953403
2880.44   0.0079928338
2907.12   0.0077952549
2934.05   0.0076024760
2961.22   0.0074143456
2988.65   0.0072309080
3016.33   0.0070519256
3044.27   0.0068774245
3072.47   0.0067071535
3100.93   0.0065412568
3129.65   0.0063794579
3158.64   0.0062216127
3187.89   0.0060673433
3217.42   0.0059168544
3247.22   0.0057702387
3277.30   0.0056272734
3307.65   0.0054878625
3338.29   0.0053518266
3369.21   0.0052191556
3400.41   0.0050896372
3431.91   0.0049632599
3463.69   0.0048398803
3495.78   0.0047196619
3528.15   0.0046024957
3560.83   0.0044882665
3593.81   0.0043767242
3627.10   0.0042679313
3660.70   0.0041618624
3694.60   0.0040583856
3728.82   0.0039574087
3763.36   0.0038588689
3798.22   0.0037628262
3833.40   0.0036691445
3868.90   0.0035778308
3904.74   0.0034887244
3940.90   0.0034018413
3977.40   0.0033170403
4014.24   0.0032343480
4051.42   0.0031536732
4088.95   0.0030749976
4126.82   0.0029982701
4165.04   0.0029234205
4203.62   0.0028504069
4242.56   0.0027791650
4281.85   0.0027097227
4321.51   0.0026419818
4361.54   0.0025759537
4401.94   0.0025115298
4442.71   0.0024487271
4483.86   0.0023874470
4525.39   0.0023276892
4567.30   0.0022693724
4609.60   0.0022125054
4652.30   0.0021570727
4695.39   0.0021030220
4738.88   0.0020503393
4782.77   0.0019989564
4827.07   0.0019488803
4871.78   0.0019000323
4916.90   0.0018524278
4962.44   0.0018059856
5008.41   0.0017209540
5054.80   0.0016316228
5101.61   0.0017133357
5148.87   0.0016714512
5196.56   0.0016305907
5244.69   0.0015907290
5293.27   0.0015518419
5342.29   0.0015139053
5391.77   0.0014768962
5441.71   0.0014407917
5492.12   0.0014055699
5542.98   0.0013712092
5594.32   0.0013376884
5646.14   0.0013049871
5698.44   0.0012730852
5751.22   0.0012419631
5804.48   0.0012116019
5858.25   0.0011819829
5912.51   0.0011530880
5967.27   0.0011248994
6022.54   0.0010974000
6078.32   0.0010705728
6134.62   0.0010444014
6191.44   0.0010188698
6248.79   0.00099396239
6306.66   0.00096966384
6365.08   0.00094595930
6424.03   0.00092283424
6483.53   0.00090027450
6543.58   0.00087826626
6604.19   0.00085679603
6665.36   0.00083585067
6727.10   0.00081541735
6789.40   0.00079548354
6852.29   0.00077603703
6915.76   0.00075706592
6979.81   0.00073855857
7044.46   0.00072050366
7109.71   0.00070289013
7175.56   0.00068570717
7242.02   0.00066894428
7309.10   0.00065259117
7376.79   0.00063663783
7445.12   0.00062107449
7514.08   0.00060589161
7583.67   0.00059107990
7653.92   0.00057663027
7724.81   0.00056253388
7796.36   0.00054878210
7868.57   0.00053536570
7941.45   0.00052227808
8015.01   0.00050951039
8089.24   0.00049705483
8164.17   0.00048490375
8239.79   0.00047304972
8316.11   0.00046148548
8393.13   0.00045020394
8470.87   0.00043919819
8549.33   0.00042846149
8628.51   0.00041798726
8708.43   0.00040776908
8789.09   0.00039780070
8870.50   0.00038807600
8952.66   0.00037858904
9035.58   0.00036933400
9119.27   0.00036030521
9203.73   0.00035149713
9288.98   0.00034290438
9375.02   0.00033452169
9461.85   0.00032634393
9549.49   0.00031836608
9637.93   0.00031058325
9727.20   0.00030299069
9817.30   0.00029558374
9908.23   0.00028835785
10000.0   0.00028130861
