1.00000   12976.846
1.00926   13037.619
1.01861   13098.727
1.02804   13160.155
1.03757   13221.836
1.04718   13283.894
1.05688   13346.330
1.06666   13409.331
1.07654   13472.731
1.08652   13536.511
1.09658   13600.579
1.10674   13664.928
1.11699   13729.578
1.12733   13794.488
1.13777   13859.697
1.14831   13925.240
1.15895   13991.147
1.16968   14057.465
1.18052   14124.166
1.19145   14191.278
1.20249   14258.793
1.21362   14326.652
1.22486   14394.814
1.23621   14463.214
1.24766   14531.953
1.25922   14601.060
1.27088   14670.608
1.28265   14740.509
1.29453   14810.753
1.30652   14881.290
1.31862   14952.121
1.33083   15023.211
1.34316   15094.518
1.35560   15166.168
1.36816   15238.211
1.38083   15310.765
1.39362   15383.679
1.40653   15456.913
1.41955   15530.383
1.43270   15604.148
1.44597   15678.212
1.45937   15752.583
1.47288   15827.246
1.48652   15902.219
1.50029   15977.470
1.51419   16052.949
1.52821   16128.519
1.54237   16204.269
1.55665   16280.311
1.57107   16356.856
1.58562   16433.847
1.60031   16511.195
1.61513   16588.847
1.63009   16666.722
1.64519   16744.812
1.66043   16822.898
1.67581   16901.222
1.69133   16979.814
1.70699   17058.840
1.72281   17138.168
1.73876   17217.793
1.75487   17297.664
1.77112   17377.755
1.78753   17458.022
1.80408   17538.441
1.82079   17619.022
1.83766   17699.700
1.85468   17780.584
1.87186   17861.701
1.88919   17943.232
1.90669   18024.991
1.92435   18106.934
1.94217   18188.974
1.96016   18271.167
1.97832   18353.561
1.99664   18436.095
2.01514   18518.712
2.03380   18601.178
2.05264   18683.755
2.07165   18766.537
2.09084   18849.790
2.11020   18933.194
2.12975   19016.623
2.14947   19099.973
2.16938   19183.324
2.18948   19266.625
2.20976   19349.993
2.23022   19433.465
2.25088   19517.193
2.27173   19601.004
2.29277   19684.829
2.31401   19768.615
2.33544   19852.388
2.35707   19936.144
2.37890   20019.884
2.40093   20103.586
2.42317   20187.254
2.44562   20270.907
2.46827   20354.560
2.49113   20438.226
2.51420   20521.883
2.53749   20605.591
2.56099   20689.201
2.58471   20772.635
2.60865   20855.824
2.63282   20938.828
2.65720   21021.672
2.68181   21104.354
2.70665   21186.848
2.73172   21269.162
2.75702   21351.297
2.78256   21433.261
2.80833   21515.051
2.83434   21596.650
2.86060   21678.066
2.88709   21759.206
2.91383   21839.944
2.94082   21920.332
2.96806   22000.450
2.99555   22080.551
3.02329   22160.296
3.05130   22239.453
3.07956   22318.036
3.10808   22396.229
3.13687   22474.442
3.16592   22552.297
3.19525   22629.628
3.22484   22706.373
3.25471   22782.655
3.28486   22858.675
3.31528   22934.237
3.34599   23009.241
3.37698   23083.641
3.40826   23157.475
3.43983   23230.831
3.47169   23303.565
3.50384   23375.516
3.53630   23446.747
3.56905   23517.403
3.60211   23587.914
3.63547   23657.774
3.66914   23726.661
3.70313   23794.599
3.73743   23861.839
3.77204   23928.794
3.80698   23995.005
3.84224   24060.204
3.87783   24124.382
3.91375   24187.628
3.95000   24250.036
3.98658   24311.610
4.02351   24372.455
4.06077   24432.454
4.09838   24491.462
4.13634   24549.373
4.17465   24606.303
4.21332   24662.392
4.25235   24717.512
4.29173   24771.592
4.33148   24824.528
4.37160   24876.263
4.41209   24926.571
4.45296   24975.734
4.49420   25023.966
4.53583   25071.165
4.57784   25117.023
4.62024   25161.250
4.66303   25204.245
4.70622   25246.373
4.74981   25287.457
4.79381   25327.312
4.83821   25365.806
4.88302   25402.959
4.92825   25438.792
4.97390   25473.153
5.01997   25505.941
5.06646   25537.077
5.11339   25566.519
5.16075   25594.212
5.20855   25620.173
5.25679   25644.454
5.30548   25666.929
5.35462   25687.421
5.40422   25705.949
5.45427   25722.607
5.50479   25737.550
5.55578   25750.812
5.60723   25762.359
5.65917   25772.447
5.71159   25781.114
5.76449   25788.653
5.81788   25795.109
5.87177   25800.796
5.92615   25805.589
5.98104   25809.524
6.03644   25812.520
6.09235   25814.531
6.14878   25815.420
6.20573   25815.036
6.26321   25813.369
6.32122   25809.821
6.37977   25804.008
6.43886   25795.585
6.49850   25784.597
6.55869   25770.806
6.61943   25753.977
6.68074   25733.541
6.74262   25709.923
6.80507   25683.201
6.86810   25653.629
6.93172   25621.178
6.99592   25586.060
7.06072   25548.241
7.12611   25507.611
7.19212   25464.708
7.25873   25419.912
7.32596   25373.328
7.39382   25324.709
7.46230   25274.019
7.53142   25221.337
7.60118   25166.977
7.67158   25110.351
7.74264   25051.057
7.81435   24989.035
7.88673   24924.427
7.95978   24857.158
8.03350   24786.974
8.10791   24713.562
8.18301   24636.906
8.25880   24556.753
8.33529   24473.318
8.41250   24386.612
8.49041   24296.950
8.56905   24204.401
8.64842   24109.302
8.72853   24011.719
8.80937   23911.779
8.89097   23809.760
8.97332   23705.779
9.05643   23600.104
9.14031   23492.740
9.22497   23383.877
9.31041   23273.465
9.39665   23161.562
9.48368   23048.190
9.57152   22933.441
9.66018   22817.198
9.74965   22699.259
9.83995   22579.660
9.93109   22458.685
10.0231   22336.651
10.1159   22213.038
10.2096   22087.250
10.3042   21959.729
10.3996   21830.775
10.4959   21700.459
10.5931   21568.664
10.6913   21435.304
10.7903   21300.292
10.8902   21163.486
10.9911   21024.856
11.0929   20884.225
11.1956   20741.791
11.2993   20597.675
11.4040   20452.022
11.5096   20304.797
11.6162   20156.067
11.7238   20005.822
11.8324   19853.916
11.9420   19700.855
12.0526   19547.127
12.1642   19392.565
12.2769   19236.787
12.3906   19079.869
12.5054   18922.144
12.6212   18764.014
12.7381   18605.507
12.8561   18446.963
12.9752   18288.164
13.0953   18128.852
13.2166   17969.400
13.3391   17810.188
13.4626   17651.461
13.5873   17493.051
13.7131   17334.924
13.8402   17177.255
13.9684   17020.186
14.0977   16863.839
14.2283   16708.390
14.3601   16553.823
14.4931   16400.019
14.6273   16247.100
14.7628   16095.368
14.8996   15945.086
15.0376   15796.021
15.1768   15647.901
15.3174   15501.001
15.4593   15355.482
15.6025   15211.362
15.7470   15068.616
15.8928   14927.331
16.0400   14787.707
16.1886   14649.869
16.3385   14513.682
16.4899   14378.980
16.6426   14245.936
16.7967   14114.633
16.9523   13985.154
17.1093   13857.595
17.2678   13732.012
17.4277   13608.469
17.5892   13486.988
17.7521   13367.579
17.9165   13250.191
18.0824   13135.161
18.2499   13022.877
18.4190   12913.199
18.5896   12806.074
18.7617   12701.483
18.9355   12599.584
19.1109   12500.296
19.2879   12403.583
19.4666   12309.251
19.6469   12217.121
19.8288   12126.797
20.0125   12038.451
20.1979   11952.170
20.3849   11867.893
20.5737   11785.744
20.7643   11705.446
20.9566   11626.748
21.1507   11549.319
21.3466   11473.435
21.5443   11399.260
21.7439   11326.490
21.9453   11254.809
22.1486   11184.377
22.3537   11115.545
22.5607   11047.920
22.7697   10981.120
22.9806   10914.704
23.1935   10848.806
23.4083   10783.284
23.6251   10718.061
23.8439   10652.993
24.0648   10588.004
24.2876   10523.100
24.5126   10458.006
24.7396   10392.608
24.9688   10326.614
25.2001   10259.910
25.4335   10192.307
25.6690   10123.965
25.9068   10054.963
26.1467   9984.8353
26.3889   9913.1492
26.6333   9839.7822
26.8800   9764.6350
27.1290   9687.4548
27.3803   9607.9897
27.6339   9526.2331
27.8898   9442.3197
28.1481   9356.5248
28.4088   9269.0355
28.6720   9180.2281
28.9375   9090.1974
29.2056   8999.3907
29.4761   8907.3389
29.7491   8813.9415
30.0246   8718.5314
30.3027   8620.7580
30.5834   8519.9476
30.8666   8415.8057
31.1525   8307.9663
31.4411   8196.9965
31.7323   8083.3035
32.0262   7967.4087
32.3228   7849.8004
32.6222   7730.9738
32.9244   7611.2412
33.2293   7490.9690
33.5371   7370.1636
33.8477   7249.0753
34.1612   7127.7069
34.4776   7006.2733
34.7970   6884.9956
35.1193   6764.1664
35.4446   6644.0855
35.7729   6525.0457
36.1042   6407.3597
36.4386   6291.1898
36.7761   6176.8994
37.1167   6064.6428
37.4605   5954.7623
37.8075   5847.3754
38.1576   5742.7757
38.5111   5641.1364
38.8678   5542.7593
39.2278   5447.7212
39.5911   5356.1731
39.9578   5268.2397
40.3279   5184.0934
40.7014   5103.7574
41.0784   5027.3113
41.4589   4954.6918
41.8429   4885.9398
42.2304   4820.9508
42.6216   4759.7735
43.0164   4702.4108
43.4148   4648.4853
43.8169   4597.6392
44.2227   4549.7826
44.6323   4505.0547
45.0457   4462.9846
45.4630   4423.3983
45.8840   4385.7523
46.3090   4350.0181
46.7379   4315.7035
47.1708   4282.6434
47.6077   4250.3840
48.0487   4218.6093
48.4937   4186.8835
48.9429   4154.9293
49.3962   4122.6485
49.8537   4089.4980
50.3155   4055.2007
50.7815   4019.2837
51.2519   3981.7043
51.7266   3942.1245
52.2057   3900.3952
52.6892   3856.2050
53.1772   3809.6703
53.6698   3760.8006
54.1669   3709.5683
54.6686   3655.8401
55.1749   3599.8391
55.6860   3541.5935
56.2017   3481.4687
56.7223   3419.5654
57.2477   3356.3008
57.7779   3291.7344
58.3131   3226.2434
58.8532   3160.1078
59.3983   3093.7705
59.9484   3027.5183
60.5037   2961.5592
61.0641   2896.4550
61.6297   2832.4880
62.2005   2770.2281
62.7766   2709.8654
63.3581   2651.9048
63.9449   2596.5072
64.5372   2544.0513
65.1349   2494.5850
65.7382   2448.3210
66.3471   2405.2199
66.9616   2365.4464
67.5818   2328.6955
68.2078   2294.9020
68.8395   2263.6964
69.4771   2235.0335
70.1206   2208.4633
70.7701   2183.9390
71.4256   2160.9575
72.0871   2139.3162
72.7548   2118.4751
73.4287   2098.2724
74.1088   2078.4249
74.7952   2058.4674
75.4880   2038.0474
76.1872   2016.7569
76.8928   1994.4394
77.6050   1970.6875
78.3238   1945.3042
79.0493   1918.0582
79.7814   1889.0103
80.5204   1858.2025
81.2662   1825.8039
82.0189   1791.9922
82.7786   1757.0673
83.5453   1721.2495
84.3191   1684.9356
85.1001   1648.3021
85.8883   1611.8250
86.6838   1575.6325
87.4867   1540.2470
88.2970   1505.8808
89.1148   1472.9824
89.9402   1441.5520
90.7733   1411.7980
91.6140   1383.8418
92.4626   1357.9752
93.3190   1334.0308
94.1833   1312.0751
95.0557   1291.8147
95.9361   1273.1708
96.8247   1255.7591
97.7215   1239.5192
98.6266   1224.0002
99.5401   1209.0566
100.462   1194.2188
101.393   1179.3265
102.332   1163.9679
103.279   1148.0441
104.236   1131.2888
105.202   1113.6999
106.176   1095.2000
107.159   1075.8816
108.152   1055.7402
109.154   1035.0215
110.165   1013.8510
111.185   992.56760
112.215   971.27556
113.254   950.28443
114.303   929.74358
115.362   909.94429
116.430   890.98114
117.509   873.03205
118.597   856.12984
119.696   840.35276
120.804   825.60094
121.923   811.84175
123.052   798.85787
124.192   786.56923
125.342   774.70149
126.503   763.13472
127.675   751.58975
128.858   739.99204
130.051   728.15840
131.256   716.04704
132.471   703.57018
133.698   690.75897
134.937   677.59956
136.186   664.23730
137.448   650.76041
138.721   637.37876
140.006   624.15990
141.303   611.29384
142.611   598.82248
143.932   586.89362
145.265   575.48245
146.611   564.64906
147.969   554.32466
149.339   544.51655
150.722   535.08405
152.119   525.96887
153.527   517.00841
154.949   508.16382
156.385   499.30134
157.833   490.40643
159.295   481.39459
160.770   472.31966
162.259   463.17555
163.762   454.03901
165.279   444.94209
166.810   435.97725
168.355   427.20224
169.914   418.68298
171.488   410.44090
173.076   402.49720
174.680   394.84319
176.297   387.45556
177.930   380.29741
179.578   373.31441
181.242   366.46287
182.920   359.67964
184.615   352.94798
186.325   346.24046
188.050   339.55975
189.792   332.90421
191.550   326.30705
193.324   319.79751
195.115   313.42051
196.922   307.18813
198.746   301.12944
200.587   295.23057
202.445   289.49084
204.320   283.89709
206.212   278.45281
208.122   273.11641
210.050   267.85814
211.995   262.66041
213.959   257.52381
215.941   252.44677
217.941   247.43647
219.959   242.50270
221.997   237.65661
224.053   232.91343
226.128   228.27172
228.222   223.74088
230.336   219.30827
232.470   214.97098
234.623   210.71650
236.796   206.53700
238.989   202.42781
241.203   198.39495
243.437   194.43537
245.692   190.54743
247.967   186.72718
250.264   182.97910
252.582   179.30475
254.921   175.70072
257.283   172.16261
259.666   168.69244
262.071   165.29408
264.498   161.96159
266.948   158.69161
269.420   155.48107
271.916   152.33370
274.434   149.24721
276.976   146.22080
279.542   143.25096
282.131   140.34029
284.744   137.48932
287.381   134.69371
290.043   131.94824
292.729   129.25468
295.441   126.61608
298.177   124.02880
300.939   121.49101
303.726   119.00037
306.539   116.55950
309.379   114.16684
312.244   111.82235
315.136   109.52336
318.055   107.26882
321.001   105.05485
323.974   102.88440
326.975   100.76080
330.003   98.679529
333.060   96.637687
336.145   94.634247
339.258   92.671806
342.401   90.748655
345.572   88.864304
348.773   87.016290
352.003   85.205438
355.263   83.430323
358.554   81.690650
361.875   79.984873
365.227   78.313319
368.609   76.676771
372.024   75.073065
375.469   73.501440
378.947   71.960309
382.457   70.450410
385.999   68.970424
389.574   67.521070
393.183   66.100995
396.824   64.710055
400.500   63.346661
404.209   62.010815
407.953   60.701562
411.732   59.418749
415.545   58.162619
419.394   56.931925
423.279   55.726595
427.199   54.545363
431.156   53.388722
435.150   52.255324
439.180   51.145317
443.248   50.057349
447.353   48.991556
451.497   47.946886
455.678   46.924209
459.899   45.924873
464.159   44.946316
468.458   43.987238
472.797   43.046676
477.176   42.124619
481.596   41.220864
486.056   40.336642
490.558   39.471553
495.102   38.625480
499.688   37.797137
504.316   36.985670
508.987   36.188876
513.701   35.408860
518.459   34.648074
523.261   33.903515
528.108   33.173168
532.999   32.456712
537.936   31.755109
542.919   31.067896
547.947   30.394984
553.022   29.735907
558.145   29.091455
563.314   28.461477
568.532   27.845158
573.798   27.241221
579.112   26.649603
584.476   26.069606
589.890   25.501541
595.353   24.946239
600.868   24.402719
606.433   23.870191
612.050   23.348343
617.719   22.838505
623.440   22.340417
629.215   21.853065
635.043   21.375012
640.924   20.906838
646.861   20.448278
652.852   19.999640
658.899   19.561686
665.002   19.133053
671.161   18.712507
677.378   18.300350
683.652   17.898197
689.984   17.505408
696.374   17.120587
702.824   16.742621
709.334   16.372922
715.904   16.012104
722.535   15.659320
729.227   15.313767
735.981   14.975452
742.798   14.644107
749.678   14.319772
756.622   14.002906
763.630   13.692920
770.703   13.389386
777.841   13.091932
785.046   12.801145
792.317   12.516953
799.655   12.239059
807.062   11.966942
814.537   11.700755
822.081   11.440518
829.696   11.185833
837.380   10.936374
845.136   10.692145
852.964   10.453391
860.865   10.219927
868.838   9.9918596
876.885   9.7688080
885.007   9.5506609
893.204   9.3369845
901.477   9.1278898
909.827   8.9231783
918.254   8.7229509
926.759   8.5272896
935.343   8.3359583
944.006   8.1488804
952.750   7.9658597
961.574   7.7869344
970.481   7.6118642
979.469   7.4406599
988.541   7.2731292
997.698   7.1094286
1006.94   6.9494156
1016.26   6.7929454
1025.68   6.6396964
1035.18   6.4898128
1044.77   6.3434016
1054.44   6.2001853
1064.21   6.0599683
1074.07   5.9227365
1084.01   5.7886914
1094.05   5.6576698
1104.19   5.5295996
1114.41   5.4042760
1124.74   5.2817915
1135.15   5.1620291
1145.67   5.0449859
1156.28   4.9305658
1166.99   4.8186613
1177.80   4.7090866
1188.71   4.6019010
1199.72   4.4972461
1210.83   4.3949503
1222.04   4.2949496
1233.36   4.1971063
1244.79   4.1015048
1256.32   4.0080162
1267.95   3.9165843
1279.70   3.8270562
1291.55   3.7395676
1303.51   3.6541964
1315.59   3.5707687
1327.77   3.4891338
1340.07   3.4092839
1352.48   3.3312443
1365.01   3.2549463
1377.65   3.1804341
1390.41   3.1075808
1403.29   3.0363335
1416.29   2.9665926
1429.40   2.8984888
1442.64   2.8320294
1456.01   2.7670924
1469.49   2.7035059
1483.10   2.6413175
1496.84   2.5805164
1510.70   2.5210900
1524.70   2.4630992
1538.82   2.4064264
1553.07   2.3510017
1567.46   2.2967555
1581.97   2.2437833
1596.63   2.1920482
1611.41   2.1415048
1626.34   2.0920573
1641.40   2.0437327
1656.61   1.9965097
1671.95   1.9503601
1687.44   1.9052670
1703.06   1.8611897
1718.84   1.8181288
1734.76   1.7760319
1750.83   1.7349095
1767.04   1.6947042
1783.41   1.6554253
1799.93   1.6170223
1816.60   1.5795138
1833.43   1.5428679
1850.41   1.5070604
1867.55   1.4720335
1884.84   1.4378004
1902.30   1.4043739
1919.92   1.3717126
1937.70   1.3398086
1955.65   1.3086219
1973.76   1.2781657
1992.05   1.2483965
2010.50   1.2193206
2029.12   1.1908941
2047.91   1.1631160
2066.88   1.1359482
2086.02   1.1094104
2105.34   1.0835184
2124.84   1.0582277
2144.53   1.0335128
2164.39   1.0093541
2184.44   0.98575945
2204.67   0.96270096
2225.09   0.94018806
2245.70   0.91818644
2266.50   0.89669237
2287.49   0.87567355
2308.68   0.85514863
2330.06   0.83511084
2351.64   0.81553913
2373.42   0.79640180
2395.41   0.77770184
2417.59   0.75944332
2439.99   0.74160860
2462.59   0.72420411
2485.39   0.70719865
2508.41   0.69058455
2531.65   0.67433627
2555.10   0.65847224
2578.76   0.64298022
2602.65   0.62785300
2626.75   0.61306852
2651.08   0.59862797
2675.64   0.58452595
2700.42   0.57074842
2725.43   0.55728771
2750.68   0.54413360
2776.15   0.53129336
2801.87   0.51875038
2827.82   0.50650591
2854.01   0.49454162
2880.44   0.48286299
2907.12   0.47145476
2934.05   0.46031452
2961.22   0.44942655
2988.65   0.43879078
3016.33   0.42840102
3044.27   0.41825284
3072.47   0.40834793
3100.93   0.39867489
3129.65   0.38923341
3158.64   0.38000909
3187.89   0.37100375
3217.42   0.36220421
3247.22   0.35361470
3277.30   0.34522488
3307.65   0.33703160
3338.29   0.32902215
3369.21   0.32120104
3400.41   0.31357309
3431.91   0.30612381
3463.69   0.29884445
3495.78   0.29173013
3528.15   0.28478757
3560.83   0.27800845
3593.81   0.27139335
3627.10   0.26493152
3660.70   0.25862293
3694.60   0.25245818
3728.82   0.24644063
3763.36   0.24056837
3798.22   0.23483484
3833.40   0.22923336
3868.90   0.22376142
3904.74   0.21841989
3940.90   0.21320311
3977.40   0.20811297
4014.24   0.20314174
4051.42   0.19828966
4088.95   0.19354869
4126.82   0.18891978
4165.04   0.18439704
4203.62   0.17998354
4242.56   0.17568096
4281.85   0.17147839
4321.51   0.16736180
4361.54   0.16334046
4401.94   0.15942729
4442.71   0.15561368
4483.86   0.15189412
4525.39   0.14825836
4567.30   0.14470645
4609.60   0.14123216
4652.30   0.13783933
4695.39   0.13452658
4738.88   0.13129366
4782.77   0.12813958
4827.07   0.12506016
4871.78   0.12205060
4916.90   0.11911178
4962.44   0.11624775
5008.41   0.11345335
5054.80   0.11072594
5101.61   0.10806125
5148.87   0.10546329
5196.56   0.10292839
5244.69   0.10045242
5293.27   0.098028246
5342.29   0.095662255
5391.77   0.093360856
5441.71   0.091114205
5492.12   0.088913959
5542.98   0.086763487
5594.32   0.084668885
5646.14   0.082626277
5698.44   0.080632192
5751.22   0.078683394
5804.48   0.076783498
5858.25   0.074930705
5912.51   0.073122319
5967.27   0.071353518
6022.54   0.069626900
6078.32   0.067943588
6134.62   0.066301220
6191.44   0.064699407
6248.79   0.063134938
6306.66   0.061605677
6365.08   0.060111254
6424.03   0.058655599
6483.53   0.057236505
6543.58   0.055850572
6604.19   0.054493999
6665.36   0.053170479
6727.10   0.051881255
6789.40   0.050623637
6852.29   0.049394365
6915.76   0.048194516
6979.81   0.047024824
7044.46   0.045883707
7109.71   0.044771284
7175.56   0.043685147
7242.02   0.042624635
7309.10   0.041587937
7376.79   0.040576308
7445.12   0.039588978
7514.08   0.038625718
7583.67   0.037685350
7653.92   0.036768201
7724.81   0.035874923
7796.36   0.035002956
7868.57   0.034150111
7941.45   0.033316694
8015.01   0.032504025
8089.24   0.031711322
8164.17   0.030938540
8239.79   0.030184373
8316.11   0.029449034
8393.13   0.028731198
8470.87   0.028030446
8549.33   0.027345210
8628.51   0.026676639
8708.43   0.026025943
8789.09   0.025391235
8870.50   0.024771292
8952.66   0.024165898
9035.58   0.023576058
9119.27   0.023000623
9203.73   0.022439011
9288.98   0.021889991
9375.02   0.021354003
9461.85   0.020830549
9549.49   0.020320071
9637.93   0.019822645
9727.20   0.019337597
9817.30   0.018864382
9908.23   0.018402490
10000.0   0.017951537
