1.00000   5500.8324
1.00926   5530.9305
1.01861   5561.2649
1.02804   5591.8275
1.03757   5622.6089
1.04718   5653.6329
1.05688   5684.9045
1.06666   5716.4568
1.07654   5748.2549
1.08652   5780.2996
1.09658   5812.5598
1.10674   5845.0590
1.11699   5877.8012
1.12733   5910.7874
1.13777   5944.0353
1.14831   5977.5491
1.15895   6011.3627
1.16968   6045.4548
1.18052   6079.8051
1.19145   6114.3754
1.20249   6149.1703
1.21362   6184.2242
1.22486   6219.5733
1.23621   6255.2227
1.24766   6291.1356
1.25922   6327.2779
1.27088   6363.6409
1.28265   6400.2732
1.29453   6437.2064
1.30652   6474.4643
1.31862   6512.0067
1.33083   6549.8193
1.34316   6587.8828
1.35560   6626.2162
1.36816   6664.8088
1.38083   6703.6765
1.39362   6742.8437
1.40653   6782.3522
1.41955   6822.2007
1.43270   6862.3423
1.44597   6902.7365
1.45937   6943.3674
1.47288   6984.2646
1.48652   7025.4168
1.50029   7066.8620
1.51419   7108.6143
1.52821   7150.7494
1.54237   7193.2140
1.55665   7235.9799
1.57107   7278.9463
1.58562   7322.1924
1.60031   7365.7349
1.61513   7409.6772
1.63009   7453.9264
1.64519   7498.4705
1.66043   7543.2526
1.67581   7588.3313
1.69133   7633.7201
1.70699   7679.4442
1.72281   7725.4858
1.73876   7771.8439
1.75487   7818.5159
1.77112   7865.5031
1.78753   7912.7991
1.80408   7960.4151
1.82079   8008.3554
1.83766   8056.6576
1.85468   8105.2708
1.87186   8154.1802
1.88919   8203.3467
1.90669   8252.8198
1.92435   8302.6158
1.94217   8352.7554
1.96016   8403.2298
1.97832   8454.0546
1.99664   8505.2122
2.01514   8556.6951
2.03380   8608.4626
2.05264   8660.5651
2.07165   8713.0286
2.09084   8765.8722
2.11020   8819.0371
2.12975   8872.4629
2.14947   8926.1695
2.16938   8980.1873
2.18948   9034.5869
2.20976   9089.3123
2.23022   9144.3408
2.25088   9199.6528
2.27173   9255.2968
2.29277   9311.3189
2.31401   9367.7071
2.33544   9424.4378
2.35707   9481.4833
2.37890   9538.8397
2.40093   9596.4872
2.42317   9654.4254
2.44562   9712.6816
2.46827   9771.2970
2.49113   9830.2549
2.51420   9889.5336
2.53749   9949.1078
2.56099   10009.029
2.58471   10069.372
2.60865   10130.081
2.63282   10191.088
2.65720   10252.181
2.68181   10313.563
2.70665   10375.275
2.73172   10437.413
2.75702   10499.948
2.78256   10562.989
2.80833   10626.377
2.83434   10690.025
2.86060   10753.804
2.88709   10817.831
2.91383   10882.134
2.94082   10946.759
2.96806   11011.719
2.99555   11077.063
3.02329   11142.722
3.05130   11208.660
3.07956   11274.855
3.10808   11341.299
3.13687   11407.955
3.16592   11474.927
3.19525   11542.324
3.22484   11610.104
3.25471   11678.174
3.28486   11746.388
3.31528   11814.923
3.34599   11883.962
3.37698   11953.372
3.40826   12022.968
3.43983   12092.421
3.47169   12162.120
3.50384   12232.361
3.53630   12303.019
3.56905   12373.847
3.60211   12444.527
3.63547   12515.440
3.66914   12586.853
3.70313   12658.703
3.73743   12730.856
3.77204   12803.186
3.80698   12875.762
3.84224   12948.649
3.87783   13021.727
3.91375   13094.862
3.95000   13167.997
3.98658   13241.362
4.02351   13315.330
4.06077   13389.600
4.09838   13464.020
4.13634   13538.440
4.17465   13612.931
4.21332   13687.376
4.25235   13762.042
4.29173   13837.145
4.33148   13912.652
4.37160   13988.394
4.41209   14064.178
4.45296   14140.044
4.49420   14215.874
4.53583   14291.807
4.57784   14367.963
4.62024   14444.441
4.66303   14521.080
4.70622   14597.723
4.74981   14674.430
4.79381   14751.210
4.83821   14828.070
4.88302   14904.977
4.92825   14981.903
4.97390   15058.978
5.01997   15136.424
5.06646   15214.025
5.11339   15291.559
5.16075   15368.874
5.20855   15446.158
5.25679   15523.576
5.30548   15601.058
5.35462   15678.630
5.40422   15756.220
5.45427   15833.724
5.50479   15911.049
5.55578   15988.350
5.60723   16065.826
5.65917   16143.315
5.71159   16220.709
5.76449   16297.943
5.81788   16375.031
5.87177   16451.958
5.92615   16528.834
5.98104   16605.864
6.03644   16682.836
6.09235   16759.538
6.14878   16835.890
6.20573   16912.041
6.26321   16988.135
6.32122   17064.091
6.37977   17139.874
6.43886   17215.514
6.49850   17291.056
6.55869   17366.476
6.61943   17441.663
6.68074   17516.469
6.74262   17590.963
6.80507   17665.155
6.86810   17739.037
6.93172   17812.541
6.99592   17885.723
7.06072   17958.689
7.12611   18031.658
7.19212   18104.312
7.25873   18176.425
7.32596   18247.990
7.39382   18318.939
7.46230   18389.404
7.53142   18459.595
7.60118   18529.859
7.67158   18599.707
7.74264   18668.707
7.81435   18737.034
7.88673   18804.770
7.95978   18872.060
8.03350   18938.965
8.10791   19005.605
8.18301   19071.714
8.25880   19137.029
8.33529   19201.620
8.41250   19265.443
8.49041   19328.598
8.56905   19391.173
8.64842   19453.256
8.72853   19514.693
8.80937   19575.330
8.89097   19635.262
8.97332   19694.529
9.05643   19753.096
9.14031   19810.939
9.22497   19867.962
9.31041   19924.032
9.39665   19978.972
9.48368   20032.998
9.57152   20086.331
9.66018   20138.806
9.74965   20190.249
9.83995   20240.676
9.93109   20290.157
10.0231   20338.777
10.1159   20386.497
10.2096   20433.412
10.3042   20479.254
10.3996   20523.726
10.4959   20566.989
10.5931   20609.231
10.6913   20650.504
10.7903   20690.599
10.8902   20729.385
10.9911   20766.967
11.0929   20803.398
11.1956   20838.709
11.2993   20872.930
11.4040   20906.059
11.5096   20938.110
11.6162   20968.963
11.7238   20998.388
11.8324   21026.085
11.9420   21052.210
12.0526   21076.858
12.1642   21099.891
12.2769   21121.182
12.3906   21140.700
12.5054   21158.394
12.6212   21174.330
12.7381   21188.589
12.8561   21201.335
12.9752   21212.608
13.0953   21222.466
13.2166   21231.045
13.3391   21238.321
13.4626   21244.555
13.5873   21249.885
13.7131   21254.539
13.8402   21258.410
13.9684   21261.533
14.0977   21263.769
14.2283   21265.092
14.3601   21265.253
14.4931   21264.228
14.6273   21261.559
14.7628   21256.892
14.8996   21249.854
15.0376   21240.688
15.1768   21229.524
15.3174   21215.682
15.4593   21198.255
15.6025   21177.820
15.7470   21154.651
15.8928   21129.038
16.0400   21100.943
16.1886   21070.573
16.3385   21037.893
16.4899   21003.037
16.6426   20966.054
16.7967   20926.962
16.9523   20886.058
17.1093   20843.588
17.2678   20799.589
17.4277   20754.056
17.5892   20706.800
17.7521   20657.571
17.9165   20606.014
18.0824   20552.040
18.2499   20495.344
18.4190   20435.994
18.5896   20373.937
18.7617   20309.156
18.9355   20241.601
19.1109   20171.254
19.2879   20097.938
19.4666   20021.759
19.6469   19943.044
19.8288   19862.270
20.0125   19779.485
20.1979   19694.992
20.3849   19608.677
20.5737   19520.268
20.7643   19430.119
20.9566   19338.564
21.1507   19245.946
21.3466   19152.164
21.5443   19057.264
21.7439   18961.049
21.9453   18863.143
22.1486   18763.947
22.3537   18663.753
22.5607   18562.432
22.7697   18459.847
22.9806   18355.851
23.1935   18250.325
23.4083   18143.217
23.6251   18034.730
23.8439   17925.090
24.0648   17814.123
24.2876   17701.744
24.5126   17587.962
24.7396   17472.797
24.9688   17356.186
25.2001   17238.043
25.4335   17118.358
25.6690   16997.150
25.9068   16874.502
26.1467   16750.547
26.3889   16625.534
26.6333   16499.284
26.8800   16371.521
27.1290   16242.729
27.3803   16113.431
27.6339   15983.501
27.8898   15852.397
28.1481   15720.110
28.4088   15587.159
28.6720   15454.067
28.9375   15320.716
29.2056   15187.279
29.4761   15053.610
29.7491   14919.446
30.0246   14785.233
30.3027   14651.429
30.5834   14518.081
30.8666   14384.846
31.1525   14251.767
31.4411   14119.313
31.7323   13987.929
32.0262   13857.247
32.3228   13726.901
32.6222   13597.256
32.9244   13468.514
33.2293   13340.723
33.5371   13213.929
33.8477   13088.120
34.1612   12963.255
34.4776   12839.356
34.7970   12716.597
35.1193   12595.131
35.4446   12474.928
35.7729   12355.987
36.1042   12238.378
36.4386   12122.229
36.7761   12007.418
37.1167   11893.738
37.4605   11781.384
37.8075   11670.813
38.1576   11562.182
38.5111   11455.118
38.8678   11349.298
39.2278   11245.042
39.5911   11142.506
39.9578   11041.816
40.3279   10943.088
40.7014   10846.482
41.0784   10752.235
41.4589   10660.252
41.8429   10570.373
42.2304   10482.440
42.6216   10396.583
43.0164   10312.818
43.4148   10231.268
43.8169   10152.248
44.2227   10075.181
44.6323   9999.5782
45.0457   9925.5762
45.4630   9853.4598
45.8840   9783.0832
46.3090   9714.2956
46.7379   9646.8982
47.1708   9580.9776
47.6077   9516.4483
48.0487   9453.2461
48.4937   9391.2268
48.9429   9330.4025
49.3962   9270.7960
49.8537   9212.2495
50.3155   9154.7260
50.7815   9098.0297
51.2519   9042.1340
51.7266   8986.8202
52.2057   8932.0490
52.6892   8877.6085
53.1772   8823.4525
53.6698   8769.4201
54.1669   8715.3896
54.6686   8661.1923
55.1749   8606.7500
55.6860   8552.0216
56.2017   8496.8782
56.7223   8441.2896
57.2477   8385.0861
57.7779   8328.2322
58.3131   8270.5117
58.8532   8211.7736
59.3983   8151.7397
59.9484   8090.3286
60.5037   8027.3908
61.0641   7962.7378
61.6297   7896.0672
62.2005   7827.5499
62.7766   7757.2445
63.3581   7685.4571
63.9449   7612.3129
64.5372   7538.1357
65.1349   7463.0235
65.7382   7387.1805
66.3471   7310.2572
66.9616   7232.1049
67.5818   7152.1649
68.2078   7069.9652
68.8395   6985.1659
69.4771   6897.2936
70.1206   6806.6070
70.7701   6713.3410
71.4256   6618.1032
72.0871   6521.1124
72.7548   6423.0071
73.4287   6323.9098
74.1088   6224.3017
74.7952   6124.1791
75.4880   6023.6791
76.1872   5922.9711
76.8928   5822.1403
77.6050   5721.4329
78.3238   5620.9124
79.0493   5520.9197
79.7814   5421.6120
80.5204   5323.3625
81.2662   5226.2787
82.0189   5130.6694
82.7786   5036.6965
83.5453   4944.6491
84.3191   4854.6526
85.1001   4766.8366
85.8883   4681.4538
86.6838   4598.7148
87.4867   4518.7734
88.2970   4441.6765
89.1148   4367.5390
89.9402   4296.5059
90.7733   4228.6828
91.6140   4164.0790
92.4626   4102.7106
93.3190   4044.5409
94.1833   3989.5416
95.0557   3937.6786
95.9361   3889.1078
96.8247   3843.4664
97.7215   3800.5574
98.6266   3760.0860
99.5401   3722.2030
100.462   3686.6426
101.393   3653.2371
102.332   3621.5811
103.279   3591.5450
104.236   3562.8506
105.202   3535.1867
106.176   3508.3177
107.159   3481.8495
108.152   3455.6023
109.154   3429.1850
110.165   3402.5636
111.185   3375.2941
112.215   3347.1655
113.254   3317.7228
114.303   3286.9292
115.362   3254.5300
116.430   3220.3986
117.509   3184.2761
118.597   3146.1901
119.696   3106.0735
120.804   3063.9757
121.923   3019.8585
123.052   2973.8641
124.192   2925.9920
125.342   2876.4945
126.503   2825.5036
127.675   2773.3498
128.858   2720.0981
130.051   2665.9090
131.256   2611.1882
132.471   2556.3062
133.698   2501.5211
134.937   2446.8746
136.186   2392.8800
137.448   2339.7977
138.721   2288.1391
140.006   2238.0112
141.303   2189.8240
142.611   2143.7232
143.932   2100.0485
145.265   2058.8400
146.611   2020.3147
147.969   1984.4129
149.339   1951.2557
150.722   1920.6254
152.119   1892.4971
153.527   1866.5486
154.949   1842.7288
156.385   1820.6536
157.833   1800.2685
159.295   1781.1771
160.770   1763.2055
162.259   1745.9425
163.762   1729.2168
165.279   1712.8232
166.810   1696.3408
168.355   1679.4837
169.914   1661.8944
171.488   1643.4551
173.076   1623.8323
174.680   1602.8779
176.297   1580.3957
177.930   1556.4331
179.578   1531.0094
181.242   1504.2588
182.920   1476.3065
184.615   1447.4246
186.325   1417.8049
188.050   1387.7838
189.792   1357.5221
191.550   1327.4038
193.324   1297.5350
195.115   1268.3280
196.922   1239.9327
198.746   1212.7144
200.587   1186.7328
202.445   1162.2228
204.320   1139.2117
206.212   1117.8613
208.122   1098.0990
210.050   1080.0353
211.995   1063.3905
213.959   1048.0591
215.941   1033.7237
217.941   1020.3474
219.959   1007.5540
221.997   995.22273
224.053   982.95464
226.128   970.63345
228.222   957.91940
230.336   944.74297
232.470   930.86799
234.623   916.30668
236.796   900.95763
238.989   884.93132
241.203   868.24251
243.437   851.11018
245.692   833.61746
247.967   816.04370
250.264   798.47066
252.582   781.17253
254.921   764.25678
257.283   747.97396
259.666   732.38511
262.071   717.66015
264.498   703.79535
266.948   690.87050
269.420   678.78035
271.916   667.50374
274.434   656.84831
276.976   646.75980
279.542   636.99472
282.131   627.46556
284.744   617.92974
287.381   608.34548
290.043   598.54269
292.729   588.51539
295.441   578.17211
298.177   567.56274
300.939   556.66305
303.726   545.61523
306.539   534.49338
309.379   523.47018
312.244   512.59424
315.136   502.01855
318.055   491.78326
321.001   482.00193
323.974   472.65206
326.975   463.77953
330.003   455.32184
333.060   447.28788
336.145   439.55354
339.258   432.06145
342.401   424.68667
345.572   417.39020
348.773   410.07263
352.003   402.71704
355.263   395.27424
358.554   387.77374
361.875   380.22576
365.227   372.68459
368.609   365.19359
372.024   357.81818
375.469   350.62038
378.947   343.63278
382.457   336.88142
385.999   330.36901
389.574   324.09773
393.183   318.03573
396.824   312.16411
400.500   306.42698
404.209   300.79489
407.953   295.20258
411.732   289.65394
415.545   284.11822
419.394   278.61116
423.279   273.12604
427.199   267.69784
431.156   262.35019
435.150   257.11450
439.180   252.00398
443.248   247.03304
447.353   242.19589
451.497   237.48715
455.678   232.90149
459.899   228.43225
464.159   224.04951
468.458   219.71863
472.797   215.44112
477.176   211.21177
481.596   207.03546
486.056   202.91710
490.558   198.86594
495.102   194.88891
499.688   190.99481
504.316   187.18756
508.987   183.47103
513.701   179.83681
518.459   176.27732
523.261   172.78522
528.108   169.34878
532.999   165.97141
537.936   162.65734
542.919   159.40426
547.947   156.21179
553.022   153.07707
558.145   150.00097
563.314   146.98173
568.532   144.02245
573.798   141.12305
579.112   138.27978
584.476   135.48670
589.890   132.74628
595.353   130.05970
600.868   127.42515
606.433   124.84329
612.050   122.31099
617.719   119.82770
623.440   117.39102
629.215   115.00338
635.043   112.66294
640.924   110.36839
646.861   108.11611
652.852   105.90721
658.899   103.74069
665.002   101.61678
671.161   99.536951
677.378   97.497894
683.652   95.498097
689.984   93.535534
696.374   91.611578
702.824   89.724600
709.334   87.875140
715.904   86.061502
722.535   84.284096
729.227   82.541644
735.981   80.833536
742.798   79.158061
749.678   77.515553
756.622   75.906833
763.630   74.330101
770.703   72.785102
777.841   71.270069
785.046   69.785512
792.317   68.329856
799.655   66.903537
807.062   65.505252
814.537   64.135514
822.081   62.793685
829.696   61.478962
837.380   60.190184
845.136   58.927000
852.964   57.689502
860.865   56.476651
868.838   55.288656
876.885   54.124321
885.007   52.984175
893.204   51.866877
901.477   50.772361
909.827   49.699284
918.254   48.648301
926.759   47.619160
935.343   46.611046
944.006   45.622982
952.750   44.654829
961.574   43.706995
970.481   42.778381
979.469   41.868953
988.541   40.977527
997.698   40.104050
1006.94   39.247949
1016.26   38.410701
1025.68   37.592351
1035.18   36.791184
1044.77   36.004780
1054.44   35.233933
1064.21   34.478445
1074.07   33.738434
1084.01   33.014555
1094.05   32.306051
1104.19   31.613047
1114.41   30.934238
1124.74   30.269048
1135.15   29.616685
1145.67   28.978829
1156.28   28.355936
1166.99   27.746122
1177.80   27.146891
1188.71   26.559572
1199.72   25.984902
1210.83   25.422274
1222.04   24.871590
1233.36   24.332427
1244.79   23.805119
1256.32   23.289000
1267.95   22.784069
1279.70   22.289478
1291.55   21.805147
1303.51   21.330323
1315.59   20.865428
1327.77   20.410579
1340.07   19.965332
1352.48   19.529278
1365.01   19.102509
1377.65   18.685681
1390.41   18.277878
1403.29   17.878508
1416.29   17.486874
1429.40   17.103348
1442.64   16.727823
1456.01   16.360890
1469.49   16.002754
1483.10   15.652192
1496.84   15.307175
1510.70   14.969503
1524.70   14.640925
1538.82   14.319691
1553.07   14.004099
1567.46   13.694395
1581.97   13.392193
1596.63   13.097326
1611.41   12.808790
1626.34   12.525641
1641.40   12.248458
1656.61   11.977259
1671.95   11.712030
1687.44   11.452959
1703.06   11.199370
1718.84   10.950556
1734.76   10.706920
1750.83   10.469278
1767.04   10.237108
1783.41   10.009791
1799.93   9.7868817
1816.60   9.5689315
1833.43   9.3559059
1850.41   9.1474904
1867.55   8.9432119
1884.84   8.7434034
1902.30   8.5483615
1919.92   8.3576575
1937.70   8.1710901
1955.65   7.9884670
1973.76   7.8098281
1992.05   7.6349497
2010.50   7.4638549
2029.12   7.2963749
2047.91   7.1326488
2066.88   6.9725667
2086.02   6.8160873
2105.34   6.6630313
2124.84   6.5133591
2144.53   6.3669519
2164.39   6.2237281
2184.44   6.0836439
2204.67   5.9466203
2225.09   5.8127763
2245.70   5.6818939
2266.50   5.5538868
2287.49   5.4285510
2308.68   5.3060310
2330.06   5.1862334
2351.64   5.0690559
2373.42   4.9542724
2395.41   4.8420251
2417.59   4.7324481
2439.99   4.6253255
2462.59   4.5205312
2485.39   4.4180077
2508.41   4.3178614
2531.65   4.2199579
2555.10   4.1242839
2578.76   4.0306697
2602.65   3.9391114
2626.75   3.8494784
2651.08   3.7618658
2675.64   3.6762975
2700.42   3.5926593
2725.43   3.5108375
2750.68   3.4308231
2776.15   3.3526711
2801.87   3.2762431
2827.82   3.2014718
2854.01   3.1282832
2880.44   3.0567945
2907.12   2.9869457
2934.05   2.9186781
2961.22   2.8518660
2988.65   2.7865731
3016.33   2.7227989
3044.27   2.6604811
3072.47   2.5995870
3100.93   2.5400310
3129.65   2.4817358
3158.64   2.4247032
3187.89   2.3690457
3217.42   2.3146902
3247.22   2.2615822
3277.30   2.2096046
3307.65   2.1587750
3338.29   2.1090321
3369.21   2.0604384
3400.41   2.0130509
3431.91   1.9667432
3463.69   1.9213958
3495.78   1.8770431
3528.15   1.8337559
3560.83   1.7914617
3593.81   1.7501235
3627.10   1.7096781
3660.70   1.6701596
3694.60   1.6315317
3728.82   1.5938044
3763.36   1.5569431
3798.22   1.5209380
3833.40   1.4857600
3868.90   1.4513742
3904.74   1.4177346
3940.90   1.3848478
3977.40   1.3527600
4014.24   1.3214091
4051.42   1.2907547
4088.95   1.2607554
4126.82   1.2314660
4165.04   1.2028658
4203.62   1.1749196
4242.56   1.1475666
4281.85   1.1208449
4321.51   1.0947838
4361.54   1.0693200
4401.94   1.0444041
4442.71   1.0200409
4483.86   0.99626025
4525.39   0.97303200
4567.30   0.95035191
4609.60   0.92818113
4652.30   0.90652324
4695.39   0.88534665
4738.88   0.86466106
4782.77   0.84444819
4827.07   0.82470544
4871.78   0.80541963
4916.90   0.78658041
4962.44   0.76818680
5008.41   0.75021087
5054.80   0.73264055
5101.61   0.71546079
5148.87   0.69869335
5196.56   0.68231629
5244.69   0.66631936
5293.27   0.65067387
5342.29   0.63539438
5391.77   0.62047413
5441.71   0.60590550
5492.12   0.59168067
5542.98   0.57778212
5594.32   0.56419544
5646.14   0.55091591
5698.44   0.53795583
5751.22   0.52529765
5804.48   0.51293858
5858.25   0.50085829
5912.51   0.48906166
5967.27   0.47753289
6022.54   0.46627400
6078.32   0.45527338
6134.62   0.44453005
6191.44   0.43403886
6248.79   0.42379130
6306.66   0.41378463
6365.08   0.40400839
6424.03   0.39446559
6483.53   0.38514217
6543.58   0.37603866
6604.19   0.36714136
6665.36   0.35845419
6727.10   0.34996671
6789.40   0.34167960
6852.29   0.33358432
6915.76   0.32567998
6979.81   0.31796389
7044.46   0.31042781
7109.71   0.30306825
7175.56   0.29587751
7242.02   0.28885816
7309.10   0.28200018
7376.79   0.27530408
7445.12   0.26876092
7514.08   0.26237531
7583.67   0.25614088
7653.92   0.25005494
7724.81   0.24410855
7796.36   0.23830131
7868.57   0.23262928
7941.45   0.22709017
8015.01   0.22168470
8089.24   0.21640524
8164.17   0.21125061
8239.79   0.20621432
8316.11   0.20130105
8393.13   0.19650351
8470.87   0.19181841
8549.33   0.18723670
8628.51   0.18276437
8708.43   0.17840291
8789.09   0.17414597
8870.50   0.16998869
8952.66   0.16592737
9035.58   0.16196058
9119.27   0.15808506
9203.73   0.15430343
9288.98   0.15061093
9375.02   0.14700888
9461.85   0.14349065
9549.49   0.14005326
9637.93   0.13669003
9727.20   0.13340929
9817.30   0.13021813
9908.23   0.12710609
10000.0   0.12406638
