1.00000   25583.817
1.00926   25643.792
1.01861   25703.472
1.02804   25762.845
1.03757   25822.083
1.04718   25881.125
1.05688   25939.899
1.06666   25998.372
1.07654   26056.499
1.08652   26114.269
1.09658   26171.658
1.10674   26228.631
1.11699   26285.168
1.12733   26341.223
1.13777   26396.752
1.14831   26451.828
1.15895   26506.435
1.16968   26560.659
1.18052   26614.429
1.19145   26667.724
1.20249   26720.533
1.21362   26772.829
1.22486   26824.589
1.23621   26875.827
1.24766   26926.451
1.25922   26976.431
1.27088   27025.596
1.28265   27074.088
1.29453   27121.901
1.30652   27169.182
1.31862   27215.812
1.33083   27261.739
1.34316   27306.815
1.35560   27351.154
1.36816   27394.746
1.38083   27437.747
1.39362   27479.985
1.40653   27521.413
1.41955   27561.825
1.43270   27601.367
1.44597   27640.019
1.45937   27677.887
1.47288   27714.874
1.48652   27750.939
1.50029   27786.015
1.51419   27820.184
1.52821   27853.470
1.54237   27885.957
1.55665   27917.417
1.57107   27947.727
1.58562   27976.755
1.60031   28004.607
1.61513   28031.348
1.63009   28056.930
1.64519   28081.208
1.66043   28104.019
1.67581   28125.342
1.69133   28145.185
1.70699   28163.462
1.72281   28180.308
1.73876   28195.699
1.75487   28209.703
1.77112   28222.455
1.78753   28233.972
1.80408   28244.441
1.82079   28253.756
1.83766   28261.753
1.85468   28268.640
1.87186   28274.605
1.88919   28279.994
1.90669   28284.826
1.92435   28288.994
1.94217   28292.559
1.96016   28295.399
1.97832   28297.576
1.99664   28298.986
2.01514   28299.253
2.03380   28298.110
2.05264   28295.257
2.07165   28290.745
2.09084   28284.506
2.11020   28276.294
2.12975   28266.037
2.14947   28253.487
2.16938   28238.481
2.18948   28220.796
2.20976   28200.297
2.23022   28177.045
2.25088   28150.885
2.27173   28122.097
2.29277   28090.648
2.31401   28056.786
2.33544   28020.723
2.35707   27982.714
2.37890   27942.891
2.40093   27901.029
2.42317   27856.755
2.44562   27810.636
2.46827   27762.879
2.49113   27713.856
2.51420   27663.141
2.53749   27610.583
2.56099   27556.021
2.58471   27499.425
2.60865   27440.661
2.63282   27379.589
2.65720   27316.143
2.68181   27250.099
2.70665   27181.353
2.73172   27109.579
2.75702   27034.893
2.78256   26957.227
2.80833   26876.626
2.83434   26793.085
2.86060   26706.507
2.88709   26617.179
2.91383   26525.066
2.94082   26430.489
2.96806   26333.635
2.99555   26234.812
3.02329   26134.183
3.05130   26031.664
3.07956   25927.409
3.10808   25821.482
3.13687   25713.979
3.16592   25604.982
3.19525   25494.437
3.22484   25382.394
3.25471   25268.955
3.28486   25154.323
3.31528   25038.345
3.34599   24920.833
3.37698   24801.524
3.40826   24680.649
3.43983   24558.320
3.47169   24434.533
3.50384   24309.227
3.53630   24182.372
3.56905   24053.924
3.60211   23923.801
3.63547   23792.057
3.66914   23658.716
3.70313   23523.844
3.73743   23387.392
3.77204   23249.379
3.80698   23109.726
3.84224   22968.383
3.87783   22825.272
3.91375   22680.378
3.95000   22533.548
3.98658   22384.993
4.02351   22234.723
4.06077   22082.973
4.09838   21929.815
4.13634   21775.544
4.17465   21620.093
4.21332   21463.485
4.25235   21305.764
4.29173   21146.872
4.33148   20986.786
4.37160   20825.845
4.41209   20664.334
4.45296   20502.365
4.49420   20339.891
4.53583   20177.014
4.57784   20013.807
4.62024   19850.352
4.66303   19686.788
4.70622   19523.199
4.74981   19359.716
4.79381   19196.324
4.83821   19033.031
4.88302   18870.211
4.92825   18708.316
4.97390   18547.197
5.01997   18386.587
5.06646   18226.364
5.11339   18066.898
5.16075   17908.651
5.20855   17751.374
5.25679   17594.947
5.30548   17439.444
5.35462   17285.088
5.40422   17132.089
5.45427   16980.291
5.50479   16829.555
5.55578   16680.022
5.60723   16531.840
5.65917   16385.089
5.71159   16239.782
5.76449   16095.947
5.81788   15953.607
5.87177   15812.772
5.92615   15673.510
5.98104   15535.904
6.03644   15400.027
6.09235   15265.951
6.14878   15133.766
6.20573   15003.505
6.26321   14875.198
6.32122   14748.939
6.37977   14624.849
6.43886   14503.017
6.49850   14383.478
6.55869   14266.272
6.61943   14151.447
6.68074   14039.030
6.74262   13929.137
6.80507   13822.004
6.86810   13717.656
6.93172   13615.880
6.99592   13516.455
7.06072   13419.176
7.12611   13323.825
7.19212   13230.345
7.25873   13138.930
7.32596   13049.524
7.39382   12962.028
7.46230   12876.218
7.53142   12792.222
7.60118   12710.271
7.67158   12629.966
7.74264   12551.053
7.81435   12473.221
7.88673   12396.665
7.95978   12321.387
8.03350   12247.381
8.10791   12174.811
8.18301   12103.295
8.25880   12032.672
8.33529   11962.584
8.41250   11893.006
8.49041   11823.679
8.56905   11754.699
8.64842   11686.264
8.72853   11617.827
8.80937   11548.965
8.89097   11479.587
8.97332   11410.002
9.05643   11340.224
9.14031   11269.938
9.22497   11198.758
9.31041   11126.705
9.39665   11053.772
9.48368   10979.694
9.57152   10904.433
9.66018   10827.584
9.74965   10748.877
9.83995   10667.816
9.93109   10584.604
10.0231   10499.223
10.1159   10411.694
10.2096   10321.823
10.3042   10229.994
10.3996   10136.472
10.4959   10041.724
10.5931   9945.7247
10.6913   9848.8248
10.7903   9750.5283
10.8902   9650.7944
10.9911   9548.8994
11.0929   9444.4711
11.1956   9336.8378
11.2993   9225.7040
11.4040   9110.6902
11.5096   8992.4124
11.6162   8871.2362
11.7238   8747.7503
11.8324   8622.3325
11.9420   8495.6069
12.0526   8367.7854
12.1642   8239.3704
12.2769   8110.3177
12.3906   7980.9016
12.5054   7851.1942
12.6212   7721.3049
12.7381   7591.5403
12.8561   7462.0174
12.9752   7333.1800
13.0953   7205.2112
13.2166   7078.5720
13.3391   6953.3714
13.4626   6829.9888
13.5873   6708.6076
13.7131   6589.5159
13.8402   6472.9610
13.9684   6359.1488
14.0977   6248.3630
14.2283   6140.7680
14.3601   6036.6060
14.4931   5935.9705
14.6273   5839.0337
14.7628   5745.9050
14.8996   5656.7753
15.0376   5571.6331
15.1768   5490.6106
15.3174   5413.6010
15.4593   5340.6348
15.6025   5271.5814
15.7470   5206.6001
15.8928   5145.5469
16.0400   5088.1287
16.1886   5033.8542
16.3385   4982.7374
16.4899   4934.8391
16.6426   4889.6851
16.7967   4847.1513
16.9523   4806.6911
17.1093   4768.2716
17.2678   4731.3533
17.4277   4695.7504
17.5892   4660.9683
17.7521   4626.6849
17.9165   4592.5245
18.0824   4558.1182
18.2499   4523.3936
18.4190   4487.7831
18.5896   4451.0493
18.7617   4412.6392
18.9355   4372.4994
19.1109   4330.2734
19.2879   4285.8060
19.4666   4238.7168
19.6469   4189.1135
19.8288   4136.9838
20.0125   4082.3478
20.1979   4025.0970
20.3849   3965.3726
20.5737   3903.2216
20.7643   3838.9181
20.9566   3772.6762
21.1507   3704.8794
21.3466   3635.7023
21.5443   3565.2214
21.7439   3494.0049
21.9453   3422.3108
22.1486   3350.6875
22.3537   3279.1530
22.5607   3208.2882
22.7697   3138.4153
22.9806   3070.2156
23.1935   3003.8843
23.4083   2939.8473
23.6251   2878.4119
23.8439   2819.8913
24.0648   2764.5217
24.2876   2712.4651
24.5126   2663.8133
24.7396   2618.6338
24.9688   2576.8435
25.2001   2538.3004
25.4335   2502.7681
25.6690   2470.0048
25.9068   2439.8129
26.1467   2411.7996
26.3889   2385.8876
26.6333   2361.4776
26.8800   2338.3916
27.1290   2316.0109
27.3803   2294.2832
27.6339   2272.6869
27.8898   2250.9645
28.1481   2228.5960
28.4088   2205.3137
28.6720   2180.7911
28.9375   2154.6923
29.2056   2126.7292
29.4761   2096.8041
29.7491   2064.9393
30.0246   2031.2658
30.3027   1995.8529
30.5834   1958.9557
30.8666   1920.8465
31.1525   1881.8906
31.4411   1842.4185
31.7323   1802.6839
32.0262   1763.1355
32.3228   1723.9161
32.6222   1685.5723
32.9244   1648.3400
33.2293   1612.6837
33.5371   1578.6086
33.8477   1546.3585
34.1612   1516.0475
34.4776   1487.9891
34.7970   1461.9992
35.1193   1438.1634
35.4446   1416.1594
35.7729   1395.9066
36.1042   1376.9840
36.4386   1359.3301
36.7761   1342.4555
37.1167   1326.1890
37.4605   1310.0257
37.8075   1293.8080
38.1576   1277.1293
38.5111   1259.8630
38.8678   1241.7868
39.2278   1222.8040
39.5911   1202.7993
39.9578   1181.8492
40.3279   1159.9963
40.7014   1137.4966
41.0784   1114.5142
41.4589   1091.4038
41.8429   1068.2746
42.2304   1045.3578
42.6216   1022.9095
43.0164   1001.1790
43.4148   980.36311
43.8169   960.60315
44.2227   941.99481
44.6323   924.57765
45.0457   908.30066
45.4630   893.09832
45.8840   878.79581
46.3090   865.25294
46.7379   852.25262
47.1708   839.58627
47.6077   827.03768
48.0487   814.42248
48.4937   801.62386
48.9429   788.50901
49.3962   775.03741
49.8537   761.17702
50.3155   746.95047
50.7815   732.43560
51.2519   717.77018
51.7266   703.14250
52.2057   688.67031
52.6892   674.51521
53.1772   660.78323
53.6698   647.57950
54.1669   634.95315
54.6686   622.93343
55.1749   611.49222
55.6860   600.61481
56.2017   590.19853
56.7223   580.15892
57.2477   570.33539
57.7779   560.66345
58.3131   551.00925
58.8532   541.33174
59.3983   531.55103
59.9484   521.68236
60.5037   511.72965
61.0641   501.75890
61.6297   491.80394
62.2005   481.96464
62.7766   472.29098
63.3581   462.88687
63.9449   453.75450
64.5372   444.95615
65.1349   436.46000
65.7382   428.28839
66.3471   420.37084
66.9616   412.68171
67.5818   405.13895
68.2078   397.71229
68.8395   390.33527
69.4771   383.00733
70.1206   375.69810
70.7701   368.42480
71.4256   361.18428
72.0871   354.02713
72.7548   346.99788
73.4287   340.11654
74.1088   333.40979
74.7952   326.87945
75.4880   320.52777
76.1872   314.34025
76.8928   308.31659
77.6050   302.42716
78.3238   296.64934
79.0493   290.93941
79.7814   285.30303
80.5204   279.71683
81.2662   274.20160
82.0189   268.76328
82.7786   263.41683
83.5453   258.17487
84.3191   253.04498
85.1001   248.03220
85.8883   243.13286
86.6838   238.34170
87.4867   233.64532
88.2970   229.03671
89.1148   224.49735
89.9402   220.03795
90.7733   215.66374
91.6140   211.36962
92.4626   207.15331
93.3190   203.01327
94.1833   198.95334
95.0557   194.97005
95.9361   191.06243
96.8247   187.22611
97.7215   183.46367
98.6266   179.77370
99.5401   176.15505
100.462   172.60507
101.393   169.12347
102.332   165.71091
103.279   162.36399
104.236   159.08273
105.202   155.86312
106.176   152.70545
107.159   149.60660
108.152   146.56898
109.154   143.59056
110.165   140.66965
111.185   137.80179
112.215   134.98975
113.254   132.23647
114.303   129.53692
115.362   126.88832
116.430   124.28897
117.509   121.74082
118.597   119.24186
119.696   116.79267
120.804   114.39083
121.923   112.03706
123.052   109.72931
124.192   107.46679
125.342   105.24689
126.503   103.06997
127.675   100.93609
128.858   98.844063
130.051   96.794615
131.256   94.785585
132.471   92.817324
133.698   90.887386
134.937   88.996108
136.186   87.141497
137.448   85.324570
138.721   83.544625
140.006   81.800512
141.303   80.090417
142.611   78.414259
143.932   76.772564
145.265   75.163645
146.611   73.587463
147.969   72.042332
149.339   70.529011
150.722   69.045745
152.119   67.592416
153.527   66.167284
154.949   64.771317
156.385   63.404469
157.833   62.065586
159.295   60.753700
160.770   59.468196
162.259   58.209404
163.762   56.975840
165.279   55.767541
166.810   54.583043
168.355   53.422523
169.914   52.285155
171.488   51.172460
173.076   50.084600
174.680   49.019600
176.297   47.974863
177.930   46.950628
179.578   45.945982
181.242   44.961504
182.920   43.998785
184.615   43.056825
186.325   42.135685
188.050   41.233392
189.792   40.348884
191.550   39.480630
193.324   38.631320
195.115   37.802715
196.922   36.991815
198.746   36.195456
200.587   35.414704
202.445   34.649930
204.320   33.900812
206.212   33.167623
208.122   32.449897
210.050   31.748184
211.995   31.061576
213.959   30.389686
215.941   29.731203
217.941   29.086242
219.959   28.453967
221.997   27.834898
224.053   27.229699
226.128   26.637129
228.222   26.056119
230.336   25.487093
232.470   24.931793
234.623   24.389114
236.796   23.857565
238.989   23.335732
241.203   22.824819
243.437   22.324998
245.692   21.836154
247.967   21.358293
250.264   20.890471
252.582   20.431381
254.921   19.981947
257.283   19.543736
259.666   19.115392
262.071   18.695446
264.498   18.283283
266.948   17.880328
269.420   17.486687
271.916   17.101613
274.434   16.724170
276.976   16.354824
279.542   15.993743
282.131   15.640390
284.744   15.294367
287.381   14.955589
290.043   14.624283
292.729   14.300135
295.441   13.983278
298.177   13.673199
300.939   13.369715
303.726   13.072371
306.539   12.781714
309.379   12.497960
312.244   12.220312
315.136   11.947568
318.055   11.680618
321.001   11.420243
323.974   11.165846
326.975   10.917064
330.003   10.673479
333.060   10.435307
336.145   10.202171
339.258   9.9739364
342.401   9.7502449
345.572   9.5314776
348.773   9.3178188
352.003   9.1089628
355.263   8.9046809
358.554   8.7048559
361.875   8.5094752
365.227   8.3183074
368.609   8.1313294
372.024   7.9483756
375.469   7.7696399
378.947   7.5949014
382.457   7.4240247
385.999   7.2566796
389.574   7.0930382
393.183   6.9331087
396.824   6.7766777
400.500   6.6234939
404.209   6.4736251
407.953   6.3272373
411.732   6.1841207
415.545   6.0441999
419.394   5.9072914
423.279   5.7735012
427.199   5.6426893
431.156   5.5148719
435.150   5.3898894
439.180   5.2676627
443.248   5.1479494
447.353   5.0308711
451.497   4.9165355
455.678   4.8047557
459.899   4.6954461
464.159   4.5885029
468.458   4.4840499
472.797   4.3819195
477.176   4.2820283
481.596   4.1842165
486.056   4.0886427
490.558   3.9953213
495.102   3.9041277
499.688   3.8148849
504.316   3.7276300
508.987   3.6423810
513.701   3.5590476
518.459   3.4776454
523.261   3.3980293
528.108   3.3201439
532.999   3.2439149
537.936   3.1694908
542.919   3.0968426
547.947   3.0258582
553.022   2.9563613
558.145   2.8884015
563.314   2.8219270
568.532   2.7569703
573.798   2.6936190
579.112   2.6317117
584.476   2.5711370
589.890   2.5118414
595.353   2.4539346
600.868   2.3973618
606.433   2.3420771
612.050   2.2879836
617.719   2.2351355
623.440   2.1835183
629.215   2.1330952
635.043   2.0838256
640.924   2.0356693
646.861   1.9886110
652.852   1.9425900
658.899   1.8975887
665.002   1.8535764
671.161   1.8106144
677.378   1.7686590
683.652   1.7276830
689.984   1.6876065
696.374   1.6484431
702.824   1.6101499
709.334   1.5727271
715.904   1.5361605
722.535   1.5004302
729.227   1.4655439
735.981   1.4314544
742.798   1.3981598
749.678   1.3656093
756.622   1.3338097
763.630   1.3027199
770.703   1.2723624
777.841   1.2427084
785.046   1.2137373
792.317   1.1853974
799.655   1.1577014
807.062   1.1306454
814.537   1.1042160
822.081   1.0784294
829.696   1.0532362
837.380   1.0286193
845.136   1.0045399
852.964   0.98101589
860.865   0.95802497
868.838   0.93558084
876.885   0.91366498
885.007   0.89226107
893.204   0.87133193
901.477   0.85088270
909.827   0.83090996
918.254   0.81139990
926.759   0.79236083
935.343   0.77375904
944.006   0.75558400
952.750   0.73781116
961.574   0.72046101
970.481   0.70351628
979.469   0.68697148
988.541   0.67080062
997.698   0.65500605
1006.94   0.63957463
1016.26   0.62450082
1025.68   0.60978166
1035.18   0.59540083
1044.77   0.58135452
1054.44   0.56762874
1064.21   0.55423381
1074.07   0.54114997
1084.01   0.52837476
1094.05   0.51588720
1104.19   0.50369429
1114.41   0.49178460
1124.74   0.48015425
1135.15   0.46879025
1145.67   0.45769062
1156.28   0.44685449
1166.99   0.43627129
1177.80   0.42594404
1188.71   0.41585468
1199.72   0.40600140
1210.83   0.39636932
1222.04   0.38696787
1233.36   0.37778724
1244.79   0.36882290
1256.32   0.36006021
1267.95   0.35150439
1279.70   0.34315743
1291.55   0.33500672
1303.51   0.32704502
1315.59   0.31926559
1327.77   0.31167060
1340.07   0.30425102
1352.48   0.29700911
1365.01   0.28993522
1377.65   0.28303143
1390.41   0.27628866
1403.29   0.26970832
1416.29   0.26328383
1429.40   0.25701006
1442.64   0.25087585
1456.01   0.24488412
1469.49   0.23903896
1483.10   0.23333214
1496.84   0.22776207
1510.70   0.22232093
1524.70   0.21701147
1538.82   0.21182569
1553.07   0.20676347
1567.46   0.20181721
1581.97   0.19699022
1596.63   0.19228035
1611.41   0.18767999
1626.34   0.18317525
1641.40   0.17877667
1656.61   0.17449636
1671.95   0.17032351
1687.44   0.16625238
1703.06   0.16227305
1718.84   0.15838587
1734.76   0.15458432
1750.83   0.15087069
1767.04   0.14724220
1783.41   0.14370297
1799.93   0.14025567
1816.60   0.13689069
1833.43   0.13359650
1850.41   0.13037823
1867.55   0.12724110
1884.84   0.12418084
1902.30   0.12119664
1919.92   0.11828322
1937.70   0.11544169
1955.65   0.11266614
1973.76   0.10995456
1992.05   0.10730144
2010.50   0.10471274
2029.12   0.10219291
2047.91   0.099733148
2066.88   0.097323911
2086.02   0.094970221
2105.34   0.092678339
2124.84   0.090443139
2144.53   0.088260545
2164.39   0.086127518
2184.44   0.084048269
2204.67   0.082020360
2225.09   0.080040961
2245.70   0.078105108
2266.50   0.076215617
2287.49   0.074372990
2308.68   0.072575341
2330.06   0.070822474
2351.64   0.069110529
2373.42   0.067436194
2395.41   0.065800040
2417.59   0.064207057
2439.99   0.062654262
2462.59   0.061137376
2485.39   0.059652419
2508.41   0.058203768
2531.65   0.056792342
2555.10   0.055415468
2578.76   0.054069672
2602.65   0.052756326
2626.75   0.051476321
2651.08   0.050227719
2675.64   0.049010400
2700.42   0.047821706
2725.43   0.046660716
2750.68   0.045525770
2776.15   0.044418479
2801.87   0.043337999
2827.82   0.042283914
2854.01   0.041254648
2880.44   0.040250767
2907.12   0.039272547
2934.05   0.038317624
2961.22   0.037383586
2988.65   0.036471102
3016.33   0.035581706
3044.27   0.034714285
3072.47   0.033868470
3100.93   0.033042943
3129.65   0.032238193
3158.64   0.031452803
3187.89   0.030686067
3217.42   0.029936143
3247.22   0.029204308
3277.30   0.028491546
3307.65   0.027796234
3338.29   0.027117318
3369.21   0.026454665
3400.41   0.025809172
3431.91   0.025179428
3463.69   0.024564721
3495.78   0.023963783
3528.15   0.023377125
3560.83   0.022804216
3593.81   0.022245489
3627.10   0.021700793
3660.70   0.021169689
3694.60   0.020651772
3728.82   0.020146250
3763.36   0.019652273
3798.22   0.019169969
3833.40   0.018700163
3868.90   0.018242088
3904.74   0.017795461
3940.90   0.017359257
3977.40   0.016933446
4014.24   0.016517361
4051.42   0.016111650
4088.95   0.015716463
4126.82   0.015330932
4165.04   0.014953730
4203.62   0.014585714
4242.56   0.014227909
4281.85   0.013879044
4321.51   0.013538093
4361.54   0.013204720
4401.94   0.012879823
4442.71   0.012563120
4483.86   0.012254192
4525.39   0.011952350
4567.30   0.011657982
4609.60   0.011371040
4652.30   0.011091131
4695.39   0.010817714
4738.88   0.010550905
4782.77   0.010290933
4827.07   0.010037329
4871.78   0.0097898896
4916.90   0.0095482963
4962.44   0.0093128115
5008.41   0.0090831142
5054.80   0.0088591080
5101.61   0.0086403687
5148.87   0.0084270081
5196.56   0.0082188361
5244.69   0.0080157696
5293.27   0.0078176824
5342.29   0.0076243919
5391.77   0.0074358312
5441.71   0.0072518109
5492.12   0.0070724240
5542.98   0.0068974036
5594.32   0.0067267587
5646.14   0.0065602266
5698.44   0.0063979105
5751.22   0.0062396022
5804.48   0.0060851752
5858.25   0.0059342922
5912.51   0.0057871035
5967.27   0.0056437121
6022.54   0.0055038750
6078.32   0.0053675040
6134.62   0.0052344119
6191.44   0.0051046362
6248.79   0.0049779611
6306.66   0.0048543848
6365.08   0.0047337379
6424.03   0.0046161562
6483.53   0.0045015618
6543.58   0.0043898375
6604.19   0.0042807566
6665.36   0.0041743522
6727.10   0.0040706303
6789.40   0.0039694262
6852.29   0.0038706493
6915.76   0.0037742285
6979.81   0.0036802605
7044.46   0.0035886254
7109.71   0.0034993251
7175.56   0.0034121959
7242.02   0.0033272351
7309.10   0.0032442946
7376.79   0.0031634073
7445.12   0.0030845208
7514.08   0.0030075753
7583.67   0.0029325126
7653.92   0.0028592765
7724.81   0.0027878813
7796.36   0.0027182251
7868.57   0.0026503007
7941.45   0.0025840222
8015.01   0.0025194350
8089.24   0.0024564439
8164.17   0.0023950230
8239.79   0.0023350539
8316.11   0.0022765659
8393.13   0.0022195185
8470.87   0.0021638959
8549.33   0.0021096992
8628.51   0.0020568521
8708.43   0.0020053322
8789.09   0.0019550736
8870.50   0.0019061072
8952.66   0.0018583496
9035.58   0.0018117981
9119.27   0.0017663676
9203.73   0.0016082529
9288.98   0.0013379519
9375.02   0.0016754543
9461.85   0.0016344907
9549.49   0.0015945286
9637.93   0.0015555435
9727.20   0.0015175116
9817.30   0.0014804096
9908.23   0.0014442147
10000.0   0.0014089047
