1.00000   529.13631
1.00926   532.23975
1.01861   535.37316
1.02804   538.53805
1.03757   541.73096
1.04718   544.95122
1.05688   548.19467
1.06666   551.46627
1.07654   554.76625
1.08652   558.09920
1.09658   561.46177
1.10674   564.85404
1.11699   568.27292
1.12733   571.72159
1.13777   575.20123
1.14831   578.71610
1.15895   582.26411
1.16968   585.84353
1.18052   589.45137
1.19145   593.08775
1.20249   596.75507
1.21362   600.45459
1.22486   604.18764
1.23621   607.95370
1.24766   611.75314
1.25922   615.58621
1.27088   619.45311
1.28265   623.35400
1.29453   627.28910
1.30652   631.25893
1.31862   635.26433
1.33083   639.30547
1.34316   643.38172
1.35560   647.49262
1.36816   651.63795
1.38083   655.81922
1.39362   660.03766
1.40653   664.29381
1.41955   668.58696
1.43270   672.91730
1.44597   677.28428
1.45937   681.68799
1.47288   686.12649
1.48652   690.60217
1.50029   695.11747
1.51419   699.67825
1.52821   704.28148
1.54237   708.92492
1.55665   713.60118
1.57107   718.31631
1.58562   723.07245
1.60031   727.87888
1.61513   732.72788
1.63009   737.61863
1.64519   742.54497
1.66043   747.51231
1.67581   752.52132
1.69133   757.57425
1.70699   762.67128
1.72281   767.81433
1.73876   773.00325
1.75487   778.23627
1.77112   783.51005
1.78753   788.82687
1.80408   794.18883
1.82079   799.59964
1.83766   805.05887
1.85468   810.56693
1.87186   816.12520
1.88919   821.73087
1.90669   827.38306
1.92435   833.08005
1.94217   838.82350
1.96016   844.61241
1.97832   850.44969
1.99664   856.33683
2.01514   862.27934
2.03380   868.27385
2.05264   874.32008
2.07165   880.41632
2.09084   886.56349
2.11020   892.76081
2.12975   899.00915
2.14947   905.30979
2.16938   911.66429
2.18948   918.07292
2.20976   924.53599
2.23022   931.05398
2.25088   937.62737
2.27173   944.25760
2.29277   950.94405
2.31401   957.68612
2.33544   964.48063
2.35707   971.33127
2.37890   978.23970
2.40093   985.20845
2.42317   992.23627
2.44562   999.32298
2.46827   1006.4684
2.49113   1013.6729
2.51420   1020.9373
2.53749   1028.2592
2.56099   1035.6343
2.58471   1043.0650
2.60865   1050.5587
2.63282   1058.1319
2.65720   1065.7716
2.68181   1073.4699
2.70665   1081.2165
2.73172   1089.0271
2.75702   1096.9161
2.78256   1104.8764
2.80833   1112.9000
2.83434   1120.9724
2.86060   1129.1072
2.88709   1137.3084
2.91383   1145.5805
2.94082   1153.9227
2.96806   1162.3425
2.99555   1170.8284
3.02329   1179.3714
3.05130   1187.9732
3.07956   1196.6437
3.10808   1205.3980
3.13687   1214.2314
3.16592   1223.1514
3.19525   1232.1492
3.22484   1241.2122
3.25471   1250.2967
3.28486   1259.4518
3.31528   1268.7080
3.34599   1278.0743
3.37698   1287.5176
3.40826   1296.9807
3.43983   1306.5177
3.47169   1316.1609
3.50384   1325.9172
3.53630   1335.7543
3.56905   1345.6300
3.60211   1355.5624
3.63547   1365.5402
3.66914   1375.5837
3.70313   1385.7124
3.73743   1395.9797
3.77204   1406.3418
3.80698   1416.7842
3.84224   1427.2986
3.87783   1437.8942
3.91375   1448.5743
3.95000   1459.3280
3.98658   1470.1370
4.02351   1481.0193
4.06077   1491.9930
4.09838   1503.0815
4.13634   1514.2649
4.17465   1525.5323
4.21332   1536.8860
4.25235   1548.3315
4.29173   1559.8667
4.33148   1571.4841
4.37160   1583.1649
4.41209   1594.9290
4.45296   1606.7849
4.49420   1618.7394
4.53583   1630.7906
4.57784   1642.9412
4.62024   1655.1810
4.66303   1667.5013
4.70622   1679.9019
4.74981   1692.3798
4.79381   1704.9413
4.83821   1717.6049
4.88302   1730.4164
4.92825   1743.3287
4.97390   1756.3093
5.01997   1769.3564
5.06646   1782.4996
5.11339   1795.7695
5.16075   1809.1325
5.20855   1822.5576
5.25679   1836.0681
5.30548   1849.6875
5.35462   1863.4311
5.40422   1877.2817
5.45427   1891.2234
5.50479   1905.2660
5.55578   1919.4166
5.60723   1933.6669
5.65917   1948.0063
5.71159   1962.4267
5.76449   1976.9448
5.81788   1991.5834
5.87177   2006.3246
5.92615   2021.1539
5.98104   2036.0762
6.03644   2051.1071
6.09235   2066.2610
6.14878   2081.5226
6.20573   2096.8742
6.26321   2112.3321
6.32122   2127.9137
6.37977   2143.6133
6.43886   2159.4130
6.49850   2175.2912
6.55869   2191.2597
6.61943   2207.3041
6.68074   2223.4620
6.74262   2239.7738
6.80507   2256.2334
6.86810   2272.7958
6.93172   2289.4149
6.99592   2306.1327
7.06072   2322.9839
7.12611   2339.9430
7.19212   2356.9841
7.25873   2374.1136
7.32596   2391.3568
7.39382   2408.7392
7.46230   2426.2402
7.53142   2443.8514
7.60118   2461.5667
7.67158   2479.3711
7.74264   2497.2790
7.81435   2515.3194
7.88673   2533.5091
7.95978   2551.8021
8.03350   2570.1256
8.10791   2588.5454
8.18301   2607.0907
8.25880   2625.7731
8.33529   2644.5931
8.41250   2663.5419
8.49041   2682.5915
8.56905   2701.6912
8.64842   2720.8984
8.72853   2740.2612
8.80937   2759.7513
8.89097   2779.3312
8.97332   2798.9959
9.05643   2818.7794
9.14031   2838.7087
9.22497   2858.7423
9.31041   2878.8255
9.39665   2899.0099
9.48368   2919.3353
9.57152   2939.7990
9.66018   2960.3815
9.74965   2981.0601
9.83995   3001.8260
9.93109   3022.6430
10.0231   3043.5622
10.1159   3064.6280
10.2096   3085.8215
10.3042   3107.1173
10.3996   3128.5110
10.4959   3150.0231
10.5931   3171.6647
10.6913   3193.4047
10.7903   3215.1940
10.8902   3237.0783
10.9911   3259.0869
11.0929   3281.2149
11.1956   3303.4495
11.2993   3325.7752
11.4040   3348.1802
11.5096   3370.6436
11.6162   3393.2057
11.7238   3415.9148
11.8324   3438.7364
11.9420   3461.6438
12.0526   3484.6355
12.1642   3507.7248
12.2769   3530.9170
12.3906   3554.2038
12.5054   3577.5795
12.6212   3601.0405
12.7381   3624.5793
12.8561   3648.2002
12.9752   3671.8996
13.0953   3695.6909
13.2166   3719.5951
13.3391   3743.6132
13.4626   3767.6992
13.5873   3791.7895
13.7131   3815.9580
13.8402   3840.2742
13.9684   3864.6900
14.0977   3889.1621
14.2283   3913.6843
14.3601   3938.2760
14.4931   3962.9468
14.6273   3987.6861
14.7628   4012.4878
14.8996   4037.3573
15.0376   4062.2996
15.1768   4087.3096
15.3174   4112.3853
15.4593   4137.5190
15.6025   4162.6986
15.7470   4187.9235
15.8928   4213.2113
16.0400   4238.5823
16.1886   4264.0113
16.3385   4289.4858
16.4899   4314.9919
16.6426   4340.5031
16.7967   4366.0421
16.9523   4391.6403
17.1093   4417.3121
17.2678   4443.0298
17.4277   4468.7757
17.5892   4494.5548
17.7521   4520.3655
17.9165   4546.2047
18.0824   4572.0714
18.2499   4597.9585
18.4190   4623.8523
18.5896   4649.7562
18.7617   4675.6826
18.9355   4701.6381
19.1109   4727.5963
19.2879   4753.5237
19.4666   4779.4561
19.6469   4805.4261
19.8288   4831.4085
20.0125   4857.3850
20.1979   4883.3377
20.3849   4909.2487
20.5737   4935.1198
20.7643   4960.9813
20.9566   4986.8686
21.1507   5012.7447
21.3466   5038.5832
21.5443   5064.3908
21.7439   5090.1683
21.9453   5115.9052
22.1486   5141.5816
22.3537   5167.1989
22.5607   5192.7704
22.7697   5218.3064
22.9806   5243.7834
23.1935   5269.1794
23.4083   5294.5134
23.6251   5319.8045
23.8439   5345.0312
24.0648   5370.1742
24.2876   5395.2261
24.5126   5420.1849
24.7396   5445.0498
24.9688   5469.8167
25.2001   5494.4869
25.4335   5519.0613
25.6690   5543.5527
25.9068   5567.9370
26.1467   5592.1978
26.3889   5616.3277
26.6333   5640.3118
26.8800   5664.1612
27.1290   5687.8948
27.3803   5711.5191
27.6339   5734.9965
27.8898   5758.2949
28.1481   5781.4297
28.4088   5804.4096
28.6720   5827.2223
28.9375   5849.8551
29.2056   5872.3098
29.4761   5894.5836
29.7491   5916.6788
30.0246   5938.5909
30.3027   5960.3156
30.5834   5981.8331
30.8666   6003.1240
31.1525   6024.1943
31.4411   6045.0438
31.7323   6065.6709
32.0262   6086.0778
32.3228   6106.2471
32.6222   6126.1462
32.9244   6145.7820
33.2293   6165.1850
33.5371   6184.3709
33.8477   6203.2864
34.1612   6221.8833
34.4776   6240.1700
34.7970   6258.1159
35.1193   6275.7696
35.4446   6293.1796
35.7729   6310.3179
36.1042   6327.1319
36.4386   6343.6011
36.7761   6359.7318
37.1167   6375.5288
37.4605   6390.9915
37.8075   6406.1325
38.1576   6420.9003
38.5111   6435.2145
38.8678   6449.1538
39.2278   6462.7905
39.5911   6476.0852
39.9578   6488.9596
40.3279   6501.3996
40.7014   6513.4296
41.0784   6525.0777
41.4589   6536.3449
41.8429   6547.2570
42.2304   6557.7653
42.6216   6567.8376
43.0164   6577.4495
43.4148   6586.5708
43.8169   6595.1911
44.2227   6603.3049
44.6323   6610.8971
45.0457   6617.9443
45.4630   6624.4275
45.8840   6630.3285
46.3090   6635.6305
46.7379   6640.3689
47.1708   6644.5686
47.6077   6648.2605
48.0487   6651.4454
48.4937   6654.1969
48.9429   6656.5407
49.3962   6658.5513
49.8537   6660.2361
50.3155   6661.6575
50.7815   6662.8321
51.2519   6663.8050
51.7266   6664.5083
52.2057   6664.9258
52.6892   6664.9400
53.1772   6664.4669
53.6698   6663.4230
54.1669   6661.7805
54.6686   6659.4254
55.1749   6656.2893
55.6860   6652.2755
56.2017   6647.3662
56.7223   6641.5153
57.2477   6634.7293
57.7779   6626.9807
58.3131   6618.3736
58.8532   6608.9929
59.3983   6598.8626
59.9484   6587.9582
60.5037   6576.3757
61.0641   6564.1630
61.6297   6551.4047
62.2005   6538.1024
62.7766   6524.2832
63.3581   6509.8831
63.9449   6494.8514
64.5372   6479.1787
65.1349   6462.8709
65.7382   6445.8314
66.3471   6427.9887
66.9616   6409.2882
67.5818   6389.6923
68.2078   6369.1772
68.8395   6347.7295
69.4771   6325.3604
70.1206   6302.0655
70.7701   6277.8789
71.4256   6252.8826
72.0871   6227.1955
72.7548   6200.8262
73.4287   6173.7932
74.1088   6146.1715
74.7952   6117.9921
75.4880   6089.3278
76.1872   6060.1873
76.8928   6030.6343
77.6050   6000.6847
78.3238   5970.3784
79.0493   5939.6769
79.7814   5908.5620
80.5204   5877.0110
81.2662   5844.9612
82.0189   5812.4922
82.7786   5779.6846
83.5453   5746.4989
84.3191   5712.8698
85.1001   5678.7733
85.8883   5644.2212
86.6838   5609.2237
87.4867   5573.7934
88.2970   5537.9500
89.1148   5501.6676
89.9402   5464.9437
90.7733   5427.7394
91.6140   5390.0031
92.4626   5351.7690
93.3190   5313.0446
94.1833   5273.8868
95.0557   5234.3319
95.9361   5194.4210
96.8247   5154.1194
97.7215   5113.4414
98.6266   5072.4484
99.5401   5031.2247
100.462   4989.7256
101.393   4947.8926
102.332   4905.8449
103.279   4863.6672
104.236   4821.4039
105.202   4779.0610
106.176   4736.6633
107.159   4694.1986
108.152   4651.7005
109.154   4609.2199
110.165   4566.8260
111.185   4524.5231
112.215   4482.3329
113.254   4440.3015
114.303   4398.4790
115.362   4356.8743
116.430   4315.4917
117.509   4274.3530
118.597   4233.4778
119.696   4192.8929
120.804   4152.6245
121.923   4112.6919
123.052   4073.0839
124.192   4033.7868
125.342   3994.8304
126.503   3956.2164
127.675   3918.0075
128.858   3880.2823
130.051   3843.0058
131.256   3806.1346
132.471   3769.6708
133.698   3733.6594
134.937   3698.1257
136.186   3663.0874
137.448   3628.5568
138.721   3594.5255
140.006   3560.9673
141.303   3527.9512
142.611   3495.5377
143.932   3463.7255
145.265   3432.5191
146.611   3401.9374
147.969   3372.0044
149.339   3342.7474
150.722   3314.2123
152.119   3286.4110
153.527   3259.3205
154.949   3232.9037
156.385   3207.1624
157.833   3182.0927
159.295   3157.6419
160.770   3133.7705
162.259   3110.4581
163.762   3087.7315
165.279   3065.5246
166.810   3043.7960
168.355   3022.4989
169.914   3001.6847
171.488   2981.3435
173.076   2961.4375
174.680   2941.9091
176.297   2922.7595
177.930   2903.9796
179.578   2885.5258
181.242   2867.3767
182.920   2849.4904
184.615   2831.8693
186.325   2814.4446
188.050   2797.1945
189.792   2780.0409
191.550   2762.9690
193.324   2745.9110
195.115   2728.8507
196.922   2711.7367
198.746   2694.5467
200.587   2677.2485
202.445   2659.8139
204.320   2642.2310
206.212   2624.4569
208.122   2606.4993
210.050   2588.2641
211.995   2569.6781
213.959   2550.6355
215.941   2531.1465
217.941   2511.1643
219.959   2490.6412
221.997   2469.4751
224.053   2447.7488
226.128   2425.4653
228.222   2402.7205
230.336   2379.5586
232.470   2356.0740
234.623   2332.3395
236.796   2308.3471
238.989   2284.0303
241.203   2259.2498
243.437   2233.8746
245.692   2207.6913
247.967   2180.6884
250.264   2152.6836
252.582   2123.8676
254.921   2094.2853
257.283   2064.1144
259.666   2033.4310
262.071   2002.4132
264.498   1971.1091
266.948   1939.6596
269.420   1908.0788
271.916   1876.4476
274.434   1844.7433
276.976   1812.9726
279.542   1781.2379
282.131   1749.6227
284.744   1718.2146
287.381   1687.0844
290.043   1656.3137
292.729   1625.9209
295.441   1596.0163
298.177   1566.6726
300.939   1537.9860
303.726   1509.9503
306.539   1482.6155
309.379   1456.0613
312.244   1430.3939
315.136   1405.6179
318.055   1381.7699
321.001   1358.8779
323.974   1336.9849
326.975   1316.0925
330.003   1296.2197
333.060   1277.3540
336.145   1259.5193
339.258   1242.6886
342.401   1226.8699
345.572   1212.0190
348.773   1198.0770
352.003   1184.9436
355.263   1172.6098
358.554   1161.0797
361.875   1150.2313
365.227   1140.0116
368.609   1130.3017
372.024   1121.1026
375.469   1112.2612
378.947   1103.7182
382.457   1095.3101
385.999   1087.0186
389.574   1078.7288
393.183   1070.3955
396.824   1061.9558
400.500   1053.2708
404.209   1044.2100
407.953   1034.7136
411.732   1024.7623
415.545   1014.2789
419.394   1003.2135
423.279   991.51897
427.199   979.19982
431.156   966.25257
435.150   952.67396
439.180   938.46901
443.248   923.67775
447.353   908.31591
451.497   892.48014
455.678   876.23080
459.899   859.64721
464.159   842.72670
468.458   825.60882
472.797   808.35550
477.176   791.11503
481.596   773.90046
486.056   756.84113
490.558   740.02378
495.102   723.60561
499.688   707.64717
504.316   692.25312
508.987   677.50153
513.701   663.47480
518.459   650.22347
523.261   637.78562
528.108   626.17959
532.999   615.43476
537.936   605.51615
542.919   596.39488
547.947   587.98581
553.022   580.25622
558.145   573.12381
563.314   566.52518
568.532   560.40609
573.798   554.64243
579.112   549.16611
584.476   543.85250
589.890   538.67895
595.353   533.49866
600.868   528.26414
606.433   522.82791
612.050   517.15511
617.719   511.12613
623.440   504.70835
629.215   497.79854
635.043   490.43510
640.924   482.59162
646.861   474.33190
652.852   465.66460
658.899   456.69296
665.002   447.44774
671.161   438.05867
677.378   428.56394
683.652   419.09489
689.984   409.67801
696.374   400.42395
702.824   391.40402
709.334   382.75170
715.904   374.47776
722.535   366.62587
729.227   359.24110
735.981   352.37856
742.798   346.03022
749.678   340.20354
756.622   334.83774
763.630   329.90813
770.703   325.31924
777.841   321.03978
785.046   316.97091
792.317   313.05759
799.655   309.20926
807.062   305.35177
814.537   301.40723
822.081   297.31384
829.696   293.02801
837.380   288.51801
845.136   283.77151
852.964   278.79987
860.865   273.61801
868.838   268.27624
876.885   262.81113
885.007   257.29466
893.204   251.77225
901.477   246.31089
909.827   240.96640
918.254   235.79386
926.759   230.84154
935.343   226.14450
944.006   221.72397
952.750   217.58973
961.574   213.72697
970.481   210.12343
979.469   206.73323
988.541   203.52548
997.698   200.43821
1006.94   197.43179
1016.26   194.44512
1025.68   191.44393
1035.18   188.38753
1044.77   185.25634
1054.44   182.03818
1064.21   178.73272
1074.07   175.33642
1084.01   171.87867
1094.05   168.38654
1104.19   164.91346
1114.41   161.48118
1124.74   158.14082
1135.15   154.90209
1145.67   151.79742
1156.28   148.82761
1166.99   146.00879
1177.80   143.32500
1188.71   140.77598
1199.72   138.32696
1210.83   135.96265
1222.04   133.64066
1233.36   131.35150
1244.79   129.05997
1256.32   126.76070
1267.95   124.42711
1279.70   122.07634
1291.55   119.70808
1303.51   117.34197
1315.59   114.98644
1327.77   112.66533
1340.07   110.39222
1352.48   108.18512
1365.01   106.04913
1377.65   103.99069
1390.41   102.00677
1403.29   100.09215
1416.29   98.237129
1429.40   96.429223
1442.64   94.655496
1456.01   92.899088
1469.49   91.155800
1483.10   89.419748
1496.84   87.691033
1510.70   85.968874
1524.70   84.261627
1538.82   82.577308
1553.07   80.927477
1567.46   79.314691
1581.97   77.746089
1596.63   76.219081
1611.41   74.734711
1626.34   73.288410
1641.40   71.880008
1656.61   70.499342
1671.95   69.139193
1687.44   67.794945
1703.06   66.466244
1718.84   65.152685
1734.76   63.856331
1750.83   62.579947
1767.04   61.326410
1783.41   60.099703
1799.93   58.899908
1816.60   57.730020
1833.43   56.585653
1850.41   55.464634
1867.55   54.364586
1884.84   53.284103
1902.30   52.222014
1919.92   51.179116
1937.70   50.154735
1955.65   49.149290
1973.76   48.162267
1992.05   47.194110
2010.50   46.244530
2029.12   45.313375
2047.91   44.400316
2066.88   43.504768
2086.02   42.626388
2105.34   41.764557
2124.84   40.919291
2144.53   40.090084
2164.39   39.277656
2184.44   38.481076
2204.67   37.699906
2225.09   36.933006
2245.70   36.181118
2266.50   35.444064
2287.49   34.721463
2308.68   34.012638
2330.06   33.317605
2351.64   32.636556
2373.42   31.968687
2395.41   31.313711
2417.59   30.671111
2439.99   30.041453
2462.59   29.424060
2485.39   28.818701
2508.41   28.224604
2531.65   27.642316
2555.10   27.071792
2578.76   26.512617
2602.65   25.964206
2626.75   25.426538
2651.08   24.899702
2675.64   24.383222
2700.42   23.877150
2725.43   23.380932
2750.68   22.894696
2776.15   22.417905
2801.87   21.950708
2827.82   21.492669
2854.01   21.043891
2880.44   20.604094
2907.12   20.173183
2934.05   19.751008
2961.22   19.337226
2988.65   18.931636
3016.33   18.534058
3044.27   18.144803
3072.47   17.763363
3100.93   17.389652
3129.65   17.023183
3158.64   16.664283
3187.89   16.312715
3217.42   15.968341
3247.22   15.630727
3277.30   15.300039
3307.65   14.976404
3338.29   14.659377
3369.21   14.348721
3400.41   14.044227
3431.91   13.746090
3463.69   13.453983
3495.78   13.167976
3528.15   12.887653
3560.83   12.612899
3593.81   12.343371
3627.10   12.079609
3660.70   11.822042
3694.60   11.570002
3728.82   11.323009
3763.36   11.080868
3798.22   10.843351
3833.40   10.610480
3868.90   10.382540
3904.74   10.159471
3940.90   9.9414767
3977.40   9.7281970
4014.24   9.5191923
4051.42   9.3138719
4088.95   9.1129484
4126.82   8.9170381
4165.04   8.7252963
4203.62   8.5369992
4242.56   8.3523653
4281.85   8.1716313
4321.51   7.9946437
4361.54   7.8213355
4401.94   7.6516169
4442.71   7.4857469
4483.86   7.3235690
4525.39   7.1648590
4567.30   7.0092192
4609.60   6.8567671
4652.30   6.7073727
4695.39   6.5611301
4738.88   6.4182071
4782.77   6.2782959
4827.07   6.1411552
4871.78   6.0068135
4916.90   5.8756192
4962.44   5.7473722
5008.41   5.6218208
5054.80   5.4986577
5101.61   5.3780743
5148.87   5.2600551
5196.56   5.1446367
5244.69   5.0319075
5293.27   4.9215531
5342.29   4.8132008
5391.77   4.7070985
5441.71   4.6036484
5492.12   4.5025418
5542.98   4.4034048
5594.32   4.3061143
5646.14   4.2110598
5698.44   4.1182764
5751.22   4.0275124
5804.48   3.9384731
5858.25   3.8513194
5912.51   3.7661096
5967.27   3.6827367
6022.54   3.6011588
6078.32   3.5212975
6134.62   3.4431259
6191.44   3.3666136
6248.79   3.2918785
6306.66   3.2188107
6365.08   3.1473003
6424.03   3.0772022
6483.53   3.0086627
6543.58   2.9417164
6604.19   2.8762278
6665.36   2.8119897
6727.10   2.7491356
6789.40   2.6877768
6852.29   2.6277908
6915.76   2.5691180
6979.81   2.5116777
7044.46   2.4555125
7109.71   2.4005427
7175.56   2.3467526
7242.02   2.2940724
7309.10   2.2425672
7376.79   2.1922449
7445.12   2.1430487
7514.08   2.0949047
7583.67   2.0478148
7653.92   2.0017875
7724.81   1.9567634
7796.36   1.9127191
7868.57   1.8696231
7941.45   1.8275465
8015.01   1.7864238
8089.24   1.7461995
8164.17   1.7067812
8239.79   1.6682277
8316.11   1.6305405
8393.13   1.5936847
8470.87   1.5576064
8549.33   1.5223299
8628.51   1.4879020
8708.43   1.4542458
8789.09   1.4213148
8870.50   1.3890717
8952.66   1.3575546
9035.58   1.3267398
9119.27   1.2966325
9203.73   1.2671966
9288.98   1.2384233
9375.02   1.2102713
9461.85   1.1827447
9549.49   1.1558339
9637.93   1.1295209
9727.20   1.1038019
9817.30   1.0786509
9908.23   1.0540776
10000.0   1.0300408
