1.00000   11292.249
1.00926   11347.219
1.01861   11402.551
1.02804   11458.240
1.03757   11514.284
1.04718   11570.725
1.05688   11627.542
1.06666   11684.726
1.07654   11742.253
1.08652   11800.138
1.09658   11858.402
1.10674   11917.074
1.11699   11976.159
1.12733   12035.619
1.13777   12095.461
1.14831   12155.648
1.15895   12216.142
1.16968   12276.888
1.18052   12337.786
1.19145   12399.062
1.20249   12460.765
1.21362   12523.193
1.22486   12586.006
1.23621   12649.185
1.24766   12712.450
1.25922   12775.996
1.27088   12839.820
1.28265   12903.932
1.29453   12968.429
1.30652   13033.314
1.31862   13098.802
1.33083   13164.677
1.34316   13230.932
1.35560   13297.375
1.36816   13364.171
1.38083   13431.328
1.39362   13498.986
1.40653   13566.982
1.41955   13635.298
1.43270   13703.815
1.44597   13772.605
1.45937   13841.633
1.47288   13910.885
1.48652   13980.533
1.50029   14050.707
1.51419   14121.557
1.52821   14192.751
1.54237   14264.086
1.55665   14335.433
1.57107   14407.063
1.58562   14479.162
1.60031   14551.754
1.61513   14624.693
1.63009   14697.810
1.64519   14771.193
1.66043   14844.915
1.67581   14919.221
1.69133   14993.867
1.70699   15068.785
1.72281   15143.632
1.73876   15218.762
1.75487   15294.246
1.77112   15370.278
1.78753   15446.660
1.80408   15523.327
1.82079   15600.223
1.83766   15677.397
1.85468   15754.896
1.87186   15832.652
1.88919   15910.630
1.90669   15988.617
1.92435   16066.878
1.94217   16145.497
1.96016   16224.678
1.97832   16304.131
1.99664   16383.716
2.01514   16463.352
2.03380   16543.142
2.05264   16623.061
2.07165   16703.249
2.09084   16783.759
2.11020   16864.858
2.12975   16946.168
2.14947   17027.501
2.16938   17108.736
2.18948   17190.110
2.20976   17271.791
2.23022   17353.797
2.25088   17436.098
2.27173   17518.785
2.29277   17601.617
2.31401   17684.443
2.33544   17767.175
2.35707   17849.965
2.37890   17932.877
2.40093   18015.994
2.42317   18099.359
2.44562   18183.097
2.46827   18266.969
2.49113   18350.841
2.51420   18434.634
2.53749   18518.401
2.56099   18602.013
2.58471   18685.741
2.60865   18769.759
2.63282   18854.158
2.65720   18938.621
2.68181   19022.743
2.70665   19106.752
2.73172   19190.797
2.75702   19275.097
2.78256   19359.441
2.80833   19443.734
2.83434   19527.955
2.86060   19612.128
2.88709   19696.272
2.91383   19780.302
2.94082   19864.075
2.96806   19947.698
2.99555   20031.294
3.02329   20115.297
3.05130   20199.179
3.07956   20282.642
3.10808   20365.634
3.13687   20448.399
3.16592   20531.313
3.19525   20614.114
3.22484   20696.681
3.25471   20779.011
3.28486   20861.204
3.31528   20943.594
3.34599   21025.709
3.37698   21107.220
3.40826   21188.088
3.43983   21268.626
3.47169   21349.447
3.50384   21429.983
3.53630   21509.953
3.56905   21589.298
3.60211   21668.239
3.63547   21747.089
3.66914   21825.615
3.70313   21903.733
3.73743   21981.417
3.77204   22058.697
3.80698   22135.625
3.84224   22212.067
3.87783   22287.879
3.91375   22363.122
3.95000   22437.894
3.98658   22512.324
4.02351   22586.161
4.06077   22659.103
4.09838   22731.364
4.13634   22803.151
4.17465   22874.628
4.21332   22945.499
4.25235   23015.479
4.29173   23084.656
4.33148   23152.983
4.37160   23220.560
4.41209   23287.465
4.45296   23354.006
4.49420   23419.762
4.53583   23484.411
4.57784   23548.038
4.62024   23610.846
4.66303   23673.046
4.70622   23734.374
4.74981   23794.599
4.79381   23853.838
4.83821   23912.187
4.88302   23969.663
4.92825   24026.106
4.97390   24081.284
5.01997   24135.413
5.06646   24188.612
5.11339   24240.844
5.16075   24291.983
5.20855   24341.936
5.25679   24390.693
5.30548   24438.215
5.35462   24484.475
5.40422   24529.397
5.45427   24573.019
5.50479   24615.365
5.55578   24656.516
5.60723   24696.475
5.65917   24735.349
5.71159   24772.995
5.76449   24809.309
5.81788   24844.141
5.87177   24877.420
5.92615   24908.967
5.98104   24938.896
6.03644   24967.276
6.09235   24994.030
6.14878   25019.066
6.20573   25042.274
6.26321   25063.569
6.32122   25082.725
6.37977   25099.978
6.43886   25115.373
6.49850   25129.060
6.55869   25140.944
6.61943   25151.244
6.68074   25160.158
6.74262   25168.163
6.80507   25175.071
6.86810   25180.768
6.93172   25185.476
6.99592   25189.373
7.06072   25192.639
7.12611   25195.085
7.19212   25196.809
7.25873   25197.158
7.32596   25195.640
7.39382   25192.078
7.46230   25186.626
7.53142   25179.048
7.60118   25169.027
7.67158   25156.108
7.74264   25140.104
7.81435   25120.475
7.88673   25097.583
7.95978   25071.683
8.03350   25043.078
8.10791   25011.606
8.18301   24977.339
8.25880   24940.328
8.33529   24900.443
8.41250   24858.213
8.49041   24813.905
8.56905   24767.883
8.64842   24720.155
8.72853   24670.843
8.80937   24619.516
8.89097   24565.638
8.97332   24509.436
9.05643   24451.027
9.14031   24390.236
9.22497   24326.915
9.31041   24260.789
9.39665   24191.700
9.48368   24119.336
9.57152   24043.678
9.66018   23964.407
9.74965   23881.887
9.83995   23796.269
9.93109   23707.871
10.0231   23616.599
10.1159   23522.696
10.2096   23426.366
10.3042   23327.998
10.3996   23227.633
10.4959   23125.324
10.5931   23021.275
10.6913   22915.544
10.7903   22808.299
10.8902   22699.474
10.9911   22589.126
11.0929   22477.387
11.1956   22364.631
11.2993   22250.381
11.4040   22134.091
11.5096   22016.031
11.6162   21896.812
11.7238   21776.683
11.8324   21654.982
11.9420   21531.016
12.0526   21405.368
12.1642   21278.386
12.2769   21149.967
12.3906   21020.052
12.5054   20888.525
12.6212   20755.275
12.7381   20620.201
12.8561   20483.377
12.9752   20344.840
13.0953   20204.631
13.2166   20062.776
13.3391   19919.336
13.4626   19774.276
13.5873   19627.754
13.7131   19479.817
13.8402   19330.663
13.9684   19180.367
14.0977   19029.142
14.2283   18876.937
14.3601   18723.736
14.4931   18569.666
14.6273   18414.696
14.7628   18259.136
14.8996   18103.226
15.0376   17947.278
15.1768   17791.169
15.3174   17634.896
15.4593   17478.637
15.6025   17322.483
15.7470   17166.656
15.8928   17011.332
16.0400   16856.615
16.1886   16702.491
16.3385   16548.987
16.4899   16396.122
16.6426   16243.898
16.7967   16092.543
16.9523   15942.366
17.1093   15793.198
17.2678   15644.881
17.4277   15497.571
17.5892   15351.505
17.7521   15206.834
17.9165   15063.532
18.0824   14921.615
18.2499   14781.114
18.4190   14642.045
18.5896   14504.454
18.7617   14368.408
18.9355   14233.912
19.1109   14100.987
19.2879   13969.680
19.4666   13840.118
19.6469   13712.363
19.8288   13586.368
20.0125   13462.012
20.1979   13339.664
20.3849   13219.732
20.5737   13102.039
20.7643   12986.433
20.9566   12872.986
21.1507   12761.950
21.3466   12653.395
21.5443   12547.231
21.7439   12443.372
21.9453   12342.035
22.1486   12243.512
22.3537   12147.537
22.5607   12054.130
22.7697   11962.952
22.9806   11873.821
23.1935   11786.559
23.4083   11701.384
23.6251   11618.253
23.8439   11537.064
24.0648   11457.646
24.2876   11379.854
24.5126   11303.394
24.7396   11228.418
24.9688   11155.156
25.2001   11083.391
25.4335   11012.935
25.6690   10943.588
25.9068   10875.537
26.1467   10808.706
26.3889   10742.780
26.6333   10677.272
26.8800   10612.380
27.1290   10548.242
27.3803   10484.547
27.6339   10421.156
27.8898   10357.758
28.1481   10294.276
28.4088   10230.457
28.6720   10166.294
28.9375   10101.641
29.2056   10036.513
29.4761   9970.9692
29.7491   9904.6791
30.0246   9837.4636
30.3027   9769.0685
30.5834   9699.4133
30.8666   9628.1914
31.1525   9555.2852
31.4411   9480.3996
31.7323   9403.4020
32.0262   9324.0545
32.3228   9242.6419
32.6222   9159.2875
32.9244   9074.2707
33.2293   8987.7594
33.5371   8900.0381
33.8477   8811.3976
34.1612   8721.7160
34.4776   8630.7735
34.7970   8538.0550
35.1193   8443.1917
35.4446   8345.4968
35.7729   8244.7801
36.1042   8140.1832
36.4386   8032.5224
36.7761   7921.9871
37.1167   7809.2705
37.4605   7694.6367
37.8075   7578.7760
38.1576   7461.8406
38.5111   7344.3505
38.8678   7226.2925
39.2278   7107.9387
39.5911   6989.3346
39.9578   6870.5371
40.3279   6751.8885
40.7014   6633.5707
41.0784   6515.9632
41.4589   6399.2342
41.8429   6283.7858
42.2304   6169.7416
42.6216   6057.4815
43.0164   5947.1392
43.4148   5839.0504
43.8169   5733.3878
44.2227   5630.4641
44.6323   5530.4096
45.0457   5433.3946
45.4630   5339.6134
45.8840   5249.2312
46.3090   5162.3969
46.7379   5079.2441
47.1708   4999.8338
47.6077   4924.2078
48.0487   4852.3397
48.4937   4784.2300
48.9429   4719.8267
49.3962   4659.1055
49.8537   4602.2049
50.3155   4548.7010
50.7815   4498.3754
51.2519   4450.9433
51.7266   4406.5704
52.2057   4364.8757
52.6892   4325.6668
53.1772   4288.4250
53.6698   4253.0910
54.1669   4219.3405
54.6686   4186.8134
55.1749   4155.1542
55.6860   4123.9529
56.2017   4092.9868
56.7223   4061.8132
57.2477   4030.3683
57.7779   3998.1355
58.3131   3964.9073
58.8532   3930.1693
59.3983   3893.8365
59.9484   3855.5605
60.5037   3815.2239
61.0641   3772.5152
61.6297   3727.5015
62.2005   3680.1304
62.7766   3630.4485
63.3581   3578.3968
63.9449   3524.1265
64.5372   3467.6232
65.1349   3409.1786
65.7382   3348.9721
66.3471   3287.4107
66.9616   3224.5830
67.5818   3160.6829
68.2078   3096.1471
68.8395   3031.3107
69.4771   2966.5653
70.1206   2902.0087
70.7701   2838.2280
71.4256   2775.4755
72.0871   2714.3567
72.7548   2655.0196
73.4287   2597.9631
74.1088   2543.3567
74.7952   2491.6153
75.4880   2442.7681
76.1872   2397.0223
76.8928   2354.3670
77.6050   2314.9759
78.3238   2278.5880
79.0493   2245.1448
79.7814   2214.2644
80.5204   2185.9009
81.2662   2159.6287
82.0189   2135.3665
82.7786   2112.7086
83.5453   2091.3831
84.3191   2070.9467
85.1001   2051.1156
85.8883   2031.6624
86.6838   2012.1180
87.4867   1992.2894
88.2970   1971.6643
89.1148   1950.0733
89.9402   1927.0682
90.7733   1902.5175
91.6140   1876.1350
92.4626   1848.0315
93.3190   1818.1886
94.1833   1786.8058
95.0557   1753.9549
95.9361   1719.9931
96.8247   1685.0531
97.7215   1649.6081
98.6266   1613.8317
99.5401   1578.2146
100.462   1542.8423
101.393   1508.1850
102.332   1474.4422
103.279   1442.0687
104.236   1411.1104
105.202   1381.7972
106.176   1354.2464
107.159   1328.7017
108.152   1305.0625
109.154   1283.3733
110.165   1263.3754
111.185   1245.0103
112.215   1227.8917
113.254   1211.9065
114.303   1196.6262
115.362   1181.9269
116.430   1167.4465
117.509   1152.9336
118.597   1137.9998
119.696   1122.5131
120.804   1106.3038
121.923   1089.2685
123.052   1071.3048
124.192   1052.4853
125.342   1032.8781
126.503   1012.7110
127.675   992.09352
128.858   971.31389
130.051   950.51483
131.256   929.96452
132.471   909.85095
133.698   890.40550
134.937   871.78329
136.186   854.12591
137.448   837.50167
138.721   821.96325
140.006   807.44394
141.303   793.89746
142.611   781.13748
143.932   769.06474
145.265   757.44296
146.611   746.12440
147.969   734.85526
149.339   723.53348
150.722   712.01491
152.119   700.21909
153.527   688.08154
154.949   675.60629
156.385   662.79102
157.833   649.75407
159.295   636.59486
160.770   623.51306
162.259   610.58177
163.762   597.98087
165.279   585.75981
166.810   574.04964
168.355   562.84836
169.914   552.21041
171.488   542.07837
173.076   532.45235
174.680   523.20389
176.297   514.27852
177.930   505.51651
179.578   496.87646
181.242   488.22249
182.920   479.54688
184.615   470.75776
186.325   461.90670
188.050   452.97974
189.792   444.05416
191.550   435.16110
193.324   426.39437
195.115   417.80437
196.922   409.46420
198.746   401.38768
200.587   393.60379
202.445   386.09958
204.320   378.86404
206.212   371.85221
208.122   365.02145
210.050   358.31899
211.995   351.69231
213.959   345.11356
215.941   338.56400
217.941   332.03833
219.959   325.53663
221.997   319.08648
224.053   312.72117
226.128   306.48673
228.222   300.38828
230.336   294.45289
232.470   288.67231
234.623   283.05617
236.796   277.58429
238.989   272.25764
241.203   267.03801
243.437   261.90215
245.692   256.82527
247.967   251.80734
250.264   246.84288
252.582   241.94229
254.921   237.11509
257.283   232.37209
259.666   227.72910
262.071   223.18728
264.498   218.76134
266.948   214.43298
269.420   210.19335
271.916   206.03096
274.434   201.94241
276.976   197.92233
279.542   193.97587
282.131   190.10128
284.744   186.29804
287.381   182.56313
290.043   178.89879
292.729   175.30560
295.441   171.78146
298.177   168.32608
300.939   164.93569
303.726   161.60853
306.539   158.34309
309.379   155.14213
312.244   152.00384
315.136   148.92986
318.055   145.91639
321.001   142.96039
323.974   140.05549
326.975   137.20607
330.003   134.41443
333.060   131.67797
336.145   128.99684
339.258   126.36717
342.401   123.78727
345.572   121.25493
348.773   118.77174
352.003   116.33649
355.263   113.95154
358.554   111.61498
361.875   109.32361
365.227   107.07180
368.609   104.86340
372.024   102.70084
375.469   100.58170
378.947   98.506090
382.457   96.470890
385.999   94.474720
389.574   92.516113
393.183   90.597341
396.824   88.716970
400.500   86.874600
404.209   85.067905
407.953   83.297341
411.732   81.561526
415.545   79.860248
419.394   78.192632
423.279   76.558389
427.199   74.958362
431.156   73.390354
435.150   71.853757
439.180   70.346849
443.248   68.870537
447.353   67.423607
451.497   66.006663
455.678   64.618519
459.899   63.258741
464.159   61.925648
468.458   60.619372
472.797   59.339246
477.176   58.084937
481.596   56.857085
486.056   55.654137
490.558   54.475768
495.102   53.320677
499.688   52.189678
504.316   51.081670
508.987   49.996695
513.701   48.933474
518.459   47.891794
523.261   46.870149
528.108   45.869897
532.999   44.892952
537.936   43.936571
542.919   42.999179
547.947   42.079623
553.022   41.178241
558.145   40.294729
563.314   39.430236
568.532   38.584540
573.798   37.757371
579.112   36.947667
584.476   36.154565
589.890   35.375668
595.353   34.613076
600.868   33.869105
606.433   33.141102
612.050   32.427127
617.719   31.726595
623.440   31.040706
629.215   30.369029
635.043   29.711298
640.924   29.066933
646.861   28.436808
652.852   27.821148
658.899   27.218824
665.002   26.628509
671.161   26.050073
677.378   25.482820
683.652   24.927184
689.984   24.384355
696.374   23.853325
702.824   23.333013
709.334   22.822841
715.904   22.324312
722.535   21.837480
729.227   21.361083
735.981   20.893492
742.798   20.435556
749.678   19.987493
756.622   19.549119
763.630   19.120804
770.703   18.701576
777.841   18.290674
785.046   17.888027
792.317   17.494829
799.655   17.110657
807.062   16.734475
814.537   16.365214
822.081   16.004022
829.696   15.651535
837.380   15.306755
845.136   14.968647
852.964   14.637613
860.865   14.314075
868.838   13.997501
876.885   13.687608
885.007   13.384063
893.204   13.087133
901.477   12.796614
909.827   12.512686
918.254   12.235070
926.759   11.963403
935.343   11.696935
944.006   11.436272
952.750   11.182111
961.574   10.933461
970.481   10.689446
979.469   10.450374
988.541   10.217109
997.698   9.9893651
1006.94   9.7667033
1016.26   9.5485663
1025.68   9.3351657
1035.18   9.1262796
1044.77   8.9219047
1054.44   8.7218413
1064.21   8.5261504
1074.07   8.3348854
1084.01   8.1478330
1094.05   7.9649439
1104.19   7.7860138
1114.41   7.6110988
1124.74   7.4399667
1135.15   7.2726260
1145.67   7.1088752
1156.28   6.9488563
1166.99   6.7924593
1177.80   6.6395427
1188.71   6.4898044
1199.72   6.3433401
1210.83   6.2001871
1222.04   6.0601432
1233.36   5.9230975
1244.79   5.7889800
1256.32   5.6579571
1267.95   5.5298777
1279.70   5.4046903
1291.55   5.2821973
1303.51   5.1624744
1315.59   5.0454197
1327.77   4.9310138
1340.07   4.8191856
1352.48   4.7098053
1365.01   4.6027086
1377.65   4.4979412
1390.41   4.3956615
1403.29   4.2956956
1416.29   4.1979442
1429.40   4.1022677
1442.64   4.0087998
1456.01   3.9174466
1469.49   3.8281128
1483.10   3.7406061
1496.84   3.6550609
1510.70   3.5715751
1524.70   3.4899849
1538.82   3.4101918
1553.07   3.3321571
1567.46   3.2559254
1581.97   3.1814021
1596.63   3.1086039
1611.41   3.0374017
1626.34   2.9677671
1641.40   2.8995993
1656.61   2.8330135
1671.95   2.7680392
1687.44   2.7045581
1703.06   2.6424309
1718.84   2.5816578
1734.76   2.5221919
1750.83   2.4640554
1767.04   2.4073544
1783.41   2.3519803
1799.93   2.2978562
1816.60   2.2448760
1833.43   2.1931079
1850.41   2.1425085
1867.55   2.0930627
1884.84   2.0447048
1902.30   1.9974570
1919.92   1.9513333
1937.70   1.9062605
1955.65   1.8621964
1973.76   1.8191084
1992.05   1.7770177
2010.50   1.7358737
2029.12   1.6956850
2047.91   1.6563942
2066.88   1.6180121
2086.02   1.5804863
2105.34   1.5438169
2124.84   1.5079606
2144.53   1.4729199
2164.39   1.4386818
2184.44   1.4052260
2204.67   1.3725492
2225.09   1.3406220
2245.70   1.3094640
2266.50   1.2790165
2287.49   1.2492584
2308.68   1.2201417
2330.06   1.1917046
2351.64   1.1639311
2373.42   1.1368104
2395.41   1.1103110
2417.59   1.0844095
2439.99   1.0590534
2462.59   1.0342709
2485.39   1.0101024
2508.41   0.98650486
2531.65   0.96345730
2555.10   0.94092362
2578.76   0.91892274
2602.65   0.89742268
2626.75   0.87641686
2651.08   0.85587162
2675.64   0.83580578
2700.42   0.81621987
2725.43   0.79708969
2750.68   0.77839083
2776.15   0.76011744
2801.87   0.74227274
2827.82   0.72483937
2854.01   0.70782521
2880.44   0.69120163
2907.12   0.67496190
2934.05   0.65908022
2961.22   0.64357345
2988.65   0.62843165
3016.33   0.61364620
3044.27   0.59919645
3072.47   0.58508056
3100.93   0.57129595
3129.65   0.55782878
3158.64   0.54467756
3187.89   0.53182668
3217.42   0.51927922
3247.22   0.50701860
3277.30   0.49504974
3307.65   0.48335615
3338.29   0.47193981
3369.21   0.46078569
3400.41   0.44989319
3431.91   0.43925119
3463.69   0.42885659
3495.78   0.41870551
3528.15   0.40879037
3560.83   0.39911314
3593.81   0.38966066
3627.10   0.38043399
3660.70   0.37141825
3694.60   0.36261519
3728.82   0.35401216
3763.36   0.34561377
3798.22   0.33741196
3833.40   0.32940384
3868.90   0.32158013
3904.74   0.31393923
3940.90   0.30647979
3977.40   0.29919380
4014.24   0.29208070
4051.42   0.28513142
4088.95   0.27834792
4126.82   0.27172097
4165.04   0.26525272
4203.62   0.25893464
4242.56   0.25276916
4281.85   0.24674975
4321.51   0.24087279
4361.54   0.23512869
4401.94   0.22951876
4442.71   0.22404425
4483.86   0.21869789
4525.39   0.21347748
4567.30   0.20837752
4609.60   0.20340237
4652.30   0.19854432
4695.39   0.19380139
4738.88   0.18916524
4782.77   0.18463976
4827.07   0.18022230
4871.78   0.17591141
4916.90   0.17170644
4962.44   0.16759811
5008.41   0.16357526
5054.80   0.15964476
5101.61   0.15581935
5148.87   0.15209199
5196.56   0.14845706
5244.69   0.14490411
5293.27   0.14143326
5342.29   0.13803791
5391.77   0.13472186
5441.71   0.13148402
5492.12   0.12832363
5542.98   0.12523971
5594.32   0.12222919
5646.14   0.11929062
5698.44   0.11642103
5751.22   0.11362104
5804.48   0.11088707
5858.25   0.10821989
5912.51   0.10561610
5967.27   0.10307784
6022.54   0.10060124
6078.32   0.098182059
6134.62   0.095812168
6191.44   0.093498504
6248.79   0.091248759
6306.66   0.089052811
6365.08   0.086902829
6424.03   0.084800891
6483.53   0.082753091
6543.58   0.080756371
6604.19   0.078807722
6665.36   0.076903422
6727.10   0.075046438
6789.40   0.073235172
6852.29   0.071467504
6915.76   0.069739226
6979.81   0.068052079
7044.46   0.066406735
7109.71   0.064801218
7175.56   0.063235595
7242.02   0.061706592
7309.10   0.060212243
7376.79   0.058751750
7445.12   0.057328957
7514.08   0.055942110
7583.67   0.054587656
7653.92   0.053261370
7724.81   0.051967236
7796.36   0.050707441
7868.57   0.049478466
7941.45   0.048277307
8015.01   0.047104527
8089.24   0.045960946
8164.17   0.044845267
8239.79   0.043757903
8316.11   0.042696510
8393.13   0.041660288
8470.87   0.040647219
8549.33   0.039658537
8628.51   0.038693595
8708.43   0.037752074
8789.09   0.036832825
8870.50   0.035936222
8952.66   0.035063161
9035.58   0.034210969
9119.27   0.033377457
9203.73   0.032562699
9288.98   0.031768472
9375.02   0.030994028
9461.85   0.030238937
9549.49   0.029501794
9637.93   0.028782940
9727.20   0.028081295
9817.30   0.027396502
9908.23   0.026727232
10000.0   0.026074075
