1.00000   12007.987
1.00926   11957.038
1.01861   11905.468
1.02804   11853.451
1.03757   11800.990
1.04718   11748.230
1.05688   11694.957
1.06666   11641.097
1.07654   11586.525
1.08652   11531.104
1.09658   11474.869
1.10674   11417.866
1.11699   11359.962
1.12733   11300.983
1.13777   11240.862
1.14831   11179.322
1.15895   11116.383
1.16968   11051.959
1.18052   10985.786
1.19145   10918.228
1.20249   10849.265
1.21362   10779.145
1.22486   10707.879
1.23621   10635.449
1.24766   10561.968
1.25922   10487.528
1.27088   10412.114
1.28265   10336.081
1.29453   10259.047
1.30652   10180.979
1.31862   10101.871
1.33083   10021.266
1.34316   9939.1247
1.35560   9855.0432
1.36816   9768.8395
1.38083   9680.4740
1.39362   9589.1971
1.40653   9495.7268
1.41955   9400.0167
1.43270   9302.2892
1.44597   9202.9198
1.45937   9101.9070
1.47288   8999.7486
1.48652   8896.5477
1.50029   8792.3502
1.51419   8687.5563
1.52821   8582.1263
1.54237   8476.1027
1.55665   8369.6800
1.57107   8262.8525
1.58562   8155.5928
1.60031   8048.0955
1.61513   7940.4794
1.63009   7832.8286
1.64519   7725.4316
1.66043   7618.3406
1.67581   7511.7266
1.69133   7405.8293
1.70699   7300.6860
1.72281   7196.5191
1.73876   7093.4971
1.75487   6991.6852
1.77112   6891.3340
1.78753   6792.5318
1.80408   6695.3566
1.82079   6600.0262
1.83766   6506.6471
1.85468   6415.3987
1.87186   6326.4109
1.88919   6239.7247
1.90669   6155.4321
1.92435   6073.6342
1.94217   5994.4338
1.96016   5917.9640
1.97832   5844.1988
1.99664   5773.2461
2.01514   5705.0565
2.03380   5639.6366
2.05264   5576.9738
2.07165   5517.0181
2.09084   5459.8712
2.11020   5405.6908
2.12975   5354.0464
2.14947   5304.8951
2.16938   5257.8706
2.18948   5213.1122
2.20976   5170.7521
2.23022   5130.4064
2.25088   5092.0270
2.27173   5055.2347
2.29277   5019.8908
2.31401   4986.0292
2.33544   4953.2561
2.35707   4921.4325
2.37890   4890.3754
2.40093   4859.6560
2.42317   4829.2559
2.44562   4798.7451
2.46827   4768.0091
2.49113   4737.0093
2.51420   4705.3278
2.53749   4672.8508
2.56099   4639.2257
2.58471   4604.2388
2.60865   4567.8209
2.63282   4529.6597
2.65720   4489.7060
2.68181   4447.7383
2.70665   4403.7370
2.73172   4357.7053
2.75702   4309.6367
2.78256   4259.5205
2.80833   4207.2461
2.83434   4152.9642
2.86060   4096.7104
2.88709   4038.5940
2.91383   3978.8707
2.94082   3917.5904
2.96806   3855.0983
2.99555   3791.4148
3.02329   3726.6621
3.05130   3661.2681
3.07956   3595.3406
3.10808   3529.3645
3.13687   3463.3880
3.16592   3397.5939
3.19525   3332.4717
3.22484   3268.1662
3.25471   3205.2314
3.28486   3143.7643
3.31528   3084.1276
3.34599   3026.5787
3.37698   2971.2756
3.40826   2918.5186
3.43983   2868.3234
3.47169   2820.8876
3.50384   2776.2063
3.53630   2734.4569
3.56905   2695.5208
3.60211   2659.2678
3.63547   2625.5080
3.66914   2594.0150
3.70313   2564.8029
3.73743   2537.4733
3.77204   2511.9859
3.80698   2488.0717
3.84224   2465.3539
3.87783   2443.6673
3.91375   2422.5272
3.95000   2401.9511
3.98658   2381.5810
4.02351   2361.0962
4.06077   2340.2395
4.09838   2318.5719
4.13634   2296.0386
4.17465   2272.2194
4.21332   2247.0165
4.25235   2220.0684
4.29173   2191.4341
4.33148   2161.0680
4.37160   2129.0777
4.41209   2095.5768
4.45296   2060.6676
4.49420   2024.6826
4.53583   1987.6873
4.57784   1950.1401
4.62024   1912.1180
4.66303   1874.0563
4.70622   1836.1462
4.74981   1798.5869
4.79381   1761.8117
4.83821   1725.9726
4.88302   1691.4881
4.92825   1658.3640
4.97390   1626.8265
5.01997   1596.9790
5.06646   1569.0055
5.11339   1542.9123
5.16075   1518.6932
5.20855   1496.2690
5.25679   1475.4548
5.30548   1456.1770
5.35462   1438.0475
5.40422   1420.9964
5.45427   1404.5646
5.50479   1388.6851
5.55578   1372.9890
5.60723   1357.2457
5.65917   1341.2108
5.71159   1324.6091
5.76449   1307.3798
5.81788   1289.2967
5.87177   1270.3860
5.92615   1250.4612
5.98104   1229.7431
6.03644   1208.2157
6.09235   1186.1557
6.14878   1163.6364
6.20573   1140.9778
6.26321   1118.2797
6.32122   1095.7583
6.37977   1073.6642
6.43886   1052.1663
6.49850   1031.5081
6.55869   1011.7363
6.61943   993.02398
6.68074   975.33636
6.74262   958.79477
6.80507   943.22073
6.86810   928.62149
6.93172   914.75737
6.99592   901.58317
7.06072   888.81998
7.12611   876.36388
7.19212   863.95701
7.25873   851.48917
7.32596   838.84435
7.39382   825.89616
7.46230   812.62078
7.53142   798.95680
7.60118   784.96457
7.67158   770.61947
7.74264   756.12353
7.81435   741.55921
7.88673   727.12496
7.95978   712.88033
8.03350   699.01465
8.10791   685.55314
8.18301   672.63972
8.25880   660.24996
8.33529   648.45226
8.41250   637.17807
8.49041   626.43771
8.56905   616.10364
8.64842   606.12056
8.72853   596.32834
8.80937   586.67590
8.89097   577.04043
8.97332   567.37636
9.05643   557.62634
9.14031   547.77779
9.22497   537.84621
9.31041   527.86832
9.39665   517.89453
9.48368   507.98875
9.57152   498.22379
9.66018   488.67220
9.74965   479.38179
9.83995   470.37792
9.93109   461.68004
10.0231   453.28113
10.1159   445.16827
10.2096   437.29208
10.3042   429.61283
10.3996   422.06641
10.4959   414.61103
10.5931   407.19910
10.6913   399.82744
10.7903   392.47375
10.8902   385.15336
10.9911   377.86552
11.0929   370.65533
11.1956   363.55735
11.2993   356.59972
11.4040   349.80713
11.5096   343.18939
11.6162   336.74096
11.7238   330.45294
11.8324   324.31967
11.9420   318.33622
12.0526   312.46340
12.1642   306.66778
12.2769   300.93613
12.3906   295.26387
12.5054   289.65015
12.6212   284.10683
12.7381   278.64549
12.8561   273.27397
12.9752   268.00608
13.0953   262.84496
13.2166   257.80562
13.3391   252.87377
13.4626   248.04320
13.5873   243.29811
13.7131   238.63700
13.8402   234.04783
13.9684   229.53607
14.0977   225.10010
14.2283   220.74106
14.3601   216.46151
14.4931   212.25812
14.6273   208.13154
14.7628   204.07783
14.8996   200.09822
15.0376   196.18948
15.1768   192.35343
15.3174   188.59018
15.4593   184.89619
15.6025   181.26862
15.7470   177.70697
15.8928   174.21525
16.0400   170.78879
16.1886   167.42483
16.3385   164.11806
16.4899   160.87362
16.6426   157.69380
16.7967   154.57357
16.9523   151.50874
17.1093   148.49896
17.2678   145.54620
17.4277   142.64789
17.5892   139.80445
17.7521   137.01302
17.9165   134.27457
18.0824   131.58717
18.2499   128.95150
18.4190   126.36897
18.5896   123.83502
18.7617   121.34713
18.9355   118.90384
19.1109   116.50782
19.2879   114.15707
19.4666   111.85107
19.6469   109.58698
19.8288   107.36611
20.0125   105.18789
20.1979   103.05202
20.3849   100.95958
20.5737   98.907492
20.7643   96.894802
20.9566   94.919131
21.1507   92.981829
21.3466   91.081407
21.5443   89.218621
21.7439   87.392806
21.9453   85.602661
22.1486   83.846474
22.3537   82.123876
22.5607   80.435369
22.7697   78.779530
22.9806   77.157054
23.1935   75.566107
23.4083   74.007019
23.6251   72.477982
23.8439   70.979066
24.0648   69.508779
24.2876   68.067402
24.5126   66.655249
24.7396   65.270933
24.9688   63.914324
25.2001   62.584048
25.4335   61.280859
25.6690   60.003346
25.9068   58.751614
26.1467   57.524203
26.3889   56.321083
26.6333   55.140615
26.8800   53.984209
27.1290   52.853986
27.3803   51.747164
27.6339   50.662208
27.8898   49.597135
28.1481   48.552583
28.4088   47.527883
28.6720   46.524338
28.9375   45.542455
29.2056   44.581293
29.4761   43.640500
29.7491   42.718399
30.0246   41.813235
30.3027   40.925768
30.5834   40.058722
30.8666   39.210752
31.1525   38.379693
31.4411   37.563121
31.7323   36.762937
32.0262   35.979691
32.3228   35.212378
32.6222   34.459673
32.9244   33.722530
33.2293   33.002557
33.5371   32.298042
33.8477   31.607815
34.1612   30.930519
34.4776   30.266889
34.7970   29.616544
35.1193   28.979946
35.4446   28.357176
35.7729   27.747312
36.1042   27.148997
36.4386   26.563061
36.7761   25.990815
37.1167   25.430914
37.4605   24.882386
37.8075   24.344228
38.1576   23.817060
38.5111   23.300698
38.8678   22.795716
39.2278   22.302464
39.5911   21.819539
39.9578   21.344927
40.3279   20.880080
40.7014   20.426737
41.0784   19.983430
41.4589   19.548612
41.8429   19.121794
42.2304   18.704597
42.6216   18.297228
43.0164   17.898632
43.4148   17.507535
43.8169   17.124514
44.2227   16.749766
44.6323   16.382863
45.0457   16.023620
45.4630   15.671858
45.8840   15.327870
46.3090   14.991261
46.7379   14.662033
47.1708   14.339672
47.6077   14.024183
48.0487   13.715143
48.4937   13.412822
48.9429   13.117581
49.3962   12.828593
49.8537   12.545188
50.3155   12.267526
50.7815   11.996121
51.2519   11.730761
51.7266   11.471435
52.2057   11.217658
52.6892   10.969272
53.1772   10.725762
53.6698   10.487433
54.1669   10.254371
54.6686   10.026370
55.1749   9.8033469
55.6860   9.5851289
56.2017   9.3718104
56.7223   9.1630915
57.2477   8.9589750
57.7779   8.7591633
58.3131   8.5637295
58.8532   8.3724592
59.3983   8.1854463
59.9484   8.0026307
60.5037   7.8238170
61.0641   7.6487793
61.6297   7.4774902
62.2005   7.3100652
62.7766   7.1462359
63.3581   6.9858821
63.9449   6.8288479
64.5372   6.6753776
65.1349   6.5253873
65.7382   6.3787512
66.3471   6.2352016
66.9616   6.0948170
67.5818   5.9575759
68.2078   5.8233800
68.8395   5.6922543
69.4771   5.5639685
70.1206   5.4384212
70.7701   5.3154941
71.4256   5.1953592
72.0871   5.0779178
72.7548   4.9631133
73.4287   4.8507674
74.1088   4.7409298
74.7952   4.6335585
75.4880   4.5285517
76.1872   4.4257993
76.8928   4.3252891
77.6050   4.2271117
78.3238   4.1311155
79.0493   4.0372437
79.7814   3.9453698
80.5204   3.8555938
81.2662   3.7678480
82.0189   3.6821139
82.7786   3.5982901
83.5453   3.5163185
84.3191   3.4360520
85.1001   3.3575525
85.8883   3.2809091
86.6838   3.2060062
87.4867   3.1328303
88.2970   3.0612363
89.1148   2.9911873
89.9402   2.9226057
90.7733   2.8556351
91.6140   2.7903016
92.4626   2.7264565
93.3190   2.6638847
94.1833   2.6027066
95.0557   2.5430208
95.9361   2.4846906
96.8247   2.4276372
97.7215   2.3718059
98.6266   2.3172635
99.5401   2.2639523
100.462   2.2118677
101.393   2.1609343
102.332   2.1111684
103.279   2.0625229
104.236   2.0149778
105.202   1.9684826
106.176   1.9230319
107.159   1.8786365
108.152   1.8352480
109.154   1.7928811
110.165   1.7514591
111.185   1.7109616
112.215   1.6713301
113.254   1.6326203
114.303   1.5948202
115.362   1.5578990
116.430   1.5218004
117.509   1.4865262
118.597   1.4520751
119.696   1.4183983
120.804   1.3854750
121.923   1.3532740
123.052   1.3218151
124.192   1.2910682
125.342   1.2610535
126.503   1.2317303
127.675   1.2030729
128.858   1.1750184
130.051   1.1476122
131.256   1.1208933
132.471   1.0947993
133.698   1.0693033
134.937   1.0443706
136.186   1.0199901
137.448   0.99614677
138.721   0.97287717
140.006   0.95015522
141.303   0.92796030
142.611   0.90624717
143.932   0.88503704
145.265   0.86432161
146.611   0.84409149
147.969   0.82434275
149.339   0.80504442
150.722   0.78617567
152.119   0.76772771
153.527   0.74972282
154.949   0.73213728
156.385   0.71496476
157.833   0.69817608
159.295   0.68178155
160.770   0.66576344
162.259   0.65011756
163.762   0.63482450
165.279   0.61988387
166.810   0.60529322
168.355   0.59103987
169.914   0.57712589
171.488   0.56353233
173.076   0.55026126
174.680   0.53729130
176.297   0.52462480
177.930   0.51224345
179.578   0.50015225
181.242   0.48833937
182.920   0.47680549
184.615   0.46554405
186.325   0.45454590
188.050   0.44380713
189.792   0.43331486
191.550   0.42306698
193.324   0.41305231
195.115   0.40327917
196.922   0.39373330
198.746   0.38441088
200.587   0.37529609
202.445   0.36639743
204.320   0.35771219
206.212   0.34923164
208.122   0.34094386
210.050   0.33284791
211.995   0.32494652
213.959   0.31722895
215.941   0.30969387
217.941   0.30233151
219.959   0.29514710
221.997   0.28813068
224.053   0.28128153
226.128   0.27458854
228.222   0.26805336
230.336   0.26166980
232.470   0.25543637
234.623   0.24935087
236.796   0.24340775
238.989   0.23760687
241.203   0.23194030
243.437   0.22640817
245.692   0.22100338
247.967   0.21572983
250.264   0.21058057
252.582   0.20555465
254.921   0.20064374
257.283   0.19584711
259.666   0.19115662
262.071   0.18657827
264.498   0.18211959
266.948   0.17776977
269.420   0.17352397
271.916   0.16937457
274.434   0.16532333
276.976   0.16136336
279.542   0.15749371
282.131   0.15371001
284.744   0.15001937
287.381   0.14642438
290.043   0.14291592
292.729   0.13948070
295.441   0.13612615
298.177   0.13285759
300.939   0.12966892
303.726   0.12655810
306.539   0.12351954
309.379   0.12055438
312.244   0.11765712
315.136   0.11482689
318.055   0.11205961
321.001   0.10936047
323.974   0.10673194
326.975   0.10416648
330.003   0.10165429
333.060   0.099200515
336.145   0.096810153
339.258   0.094477936
342.401   0.092200342
345.572   0.089974876
348.773   0.087805671
352.003   0.085689762
355.263   0.083624295
358.554   0.081604159
361.875   0.079632364
365.227   0.077709055
368.609   0.075832697
372.024   0.074003165
375.469   0.072216432
378.947   0.070468847
382.457   0.068761160
385.999   0.067098244
389.574   0.065476815
393.183   0.063892823
396.824   0.062342585
400.500   0.060830476
404.209   0.059357194
407.953   0.057919847
411.732   0.056514493
415.545   0.055142908
419.394   0.053806165
423.279   0.052502249
427.199   0.051231178
431.156   0.049989964
435.150   0.048777332
439.180   0.047591686
443.248   0.046435085
447.353   0.045306795
451.497   0.044206033
455.678   0.043130946
459.899   0.042082407
464.159   0.041060910
468.458   0.040063774
472.797   0.039088131
477.176   0.038134775
481.596   0.037205247
486.056   0.036298648
490.558   0.035415034
495.102   0.034552863
499.688   0.033712241
504.316   0.032891413
508.987   0.032089932
513.701   0.031306052
518.459   0.030541179
523.261   0.029796652
528.108   0.029070408
532.999   0.028361104
537.936   0.027668613
542.919   0.026993875
547.947   0.026335554
553.022   0.025693154
558.145   0.025065284
563.314   0.024452140
568.532   0.023853029
573.798   0.023268775
579.112   0.022699610
584.476   0.022144673
589.890   0.021603089
595.353   0.021074490
600.868   0.020558496
606.433   0.020054783
612.050   0.019563704
617.719   0.019084577
623.440   0.018617496
629.215   0.018161528
635.043   0.017716432
640.924   0.017281387
646.861   0.016857089
652.852   0.016443760
658.899   0.016040589
665.002   0.015646603
671.161   0.015262105
677.378   0.014887598
683.652   0.014522223
689.984   0.014165421
696.374   0.013816846
702.824   0.013477228
709.334   0.013146169
715.904   0.012823144
722.535   0.012507340
729.227   0.012199319
735.981   0.011899239
742.798   0.011606601
749.678   0.011321009
756.622   0.011042220
763.630   0.010770090
770.703   0.010504426
777.841   0.010245433
785.046   0.0099927944
792.317   0.0097465841
799.655   0.0095063646
807.062   0.0092720558
814.537   0.0090432047
822.081   0.0088199668
829.696   0.0086022365
837.380   0.0083898454
845.136   0.0081826481
852.964   0.0079804353
860.865   0.0077831419
868.838   0.0075905762
876.885   0.0074028535
885.007   0.0072197158
893.204   0.0070411740
901.477   0.0068669518
909.827   0.0066971463
918.254   0.0065315516
926.759   0.0063700094
935.343   0.0062121264
944.006   0.0060580867
952.750   0.0059080266
961.574   0.0057616951
970.481   0.0056190216
979.469   0.0054797737
988.541   0.0053439742
997.698   0.0052113963
1006.94   0.0050820642
1016.26   0.0049558087
1025.68   0.0048327456
1035.18   0.0047128075
1044.77   0.0045958677
1054.44   0.0044817002
1064.21   0.0043703313
1074.07   0.0042617783
1084.01   0.0041558676
1094.05   0.0040525311
1104.19   0.0039516538
1114.41   0.0038533200
1124.74   0.0037574007
1135.15   0.0036638966
1145.67   0.0035726539
1156.28   0.0034836948
1166.99   0.0033969024
1177.80   0.0033122640
1188.71   0.0032297000
1199.72   0.0031491617
1210.83   0.0030706055
1222.04   0.0029939478
1233.36   0.0029191889
1244.79   0.0028462387
1256.32   0.0027751377
1267.95   0.0027057854
1279.70   0.0026381967
1291.55   0.0025722625
1303.51   0.0025079782
1315.59   0.0024452451
1327.77   0.0023840529
1340.07   0.0023243291
1352.48   0.0022660773
1365.01   0.0022093231
1377.65   0.0021539839
1390.41   0.0021000470
1403.29   0.0020474265
1416.29   0.0019961413
1429.40   0.0019461086
1442.64   0.0018973400
1456.01   0.0018497624
1469.49   0.0018015228
1483.10   0.0017502632
1496.84   0.0017136315
1510.70   0.0017127688
1524.70   0.0016709270
1538.82   0.0016301074
1553.07   0.0015902851
1567.46   0.0015514355
1581.97   0.0015135350
1596.63   0.0014765604
1611.41   0.0014404891
1626.34   0.0014052989
1641.40   0.0013709685
1656.61   0.0013374767
1671.95   0.0013048030
1687.44   0.0012729276
1703.06   0.0012418309
1718.84   0.0012114938
1734.76   0.0011818979
1750.83   0.0011530249
1767.04   0.0011248573
1783.41   0.0010973778
1799.93   0.0010705697
1816.60   0.0010444164
1833.43   0.0010189020
1850.41   0.00099401097
1867.55   0.00096972798
1884.84   0.00094603820
1902.30   0.00092292715
1919.92   0.00090038068
1937.70   0.00087838501
1955.65   0.00085692667
1973.76   0.00083599255
1992.05   0.00081556984
2010.50   0.00079564604
2029.12   0.00077620896
2047.91   0.00075724672
2066.88   0.00073874771
2086.02   0.00072070062
2105.34   0.00070309440
2124.84   0.00068591830
2144.53   0.00066916179
2164.39   0.00065281464
2184.44   0.00063686683
2204.67   0.00062130862
2225.09   0.00060613048
2245.70   0.00059132314
2266.50   0.00057687753
2287.49   0.00056278481
2308.68   0.00054903637
2330.06   0.00053562379
2351.64   0.00052253888
2373.42   0.00050977362
2395.41   0.00049732021
2417.59   0.00048517102
2439.99   0.00047331863
2462.59   0.00046175579
2485.39   0.00045047541
2508.41   0.00043947061
2531.65   0.00042873465
2555.10   0.00041826097
2578.76   0.00040804314
2602.65   0.00039807493
2626.75   0.00038835024
2651.08   0.00037886311
2675.64   0.00036960775
2700.42   0.00036057849
2725.43   0.00035176981
2750.68   0.00034317632
2776.15   0.00033479276
2801.87   0.00032661401
2827.82   0.00031863506
2854.01   0.00031085103
2880.44   0.00030325715
2907.12   0.00029584879
2934.05   0.00028862141
2961.22   0.00028157059
2988.65   0.00027469202
3016.33   0.00026798148
3044.27   0.00026143488
3072.47   0.00025504784
3100.93   0.00024881720
3129.65   0.00024273877
3158.64   0.00023680883
3187.89   0.00023102375
3217.42   0.00022538000
3247.22   0.00021987413
3277.30   0.00021450276
3307.65   0.00020926260
3338.29   0.00020415046
3369.21   0.00019916321
3400.41   0.00019429779
3431.91   0.00018955123
3463.69   0.00018492063
3495.78   0.00018040315
3528.15   0.00017599602
3560.83   0.00017169656
3593.81   0.00016750214
3627.10   0.00016341018
3660.70   0.00015941818
3694.60   0.00015552370
3728.82   0.00015172437
3763.36   0.00014801785
3798.22   0.00014440188
3833.40   0.00014087424
3868.90   0.00013743278
3904.74   0.00013407539
3940.90   0.00013080002
3977.40   0.00012760467
4014.24   0.00012448738
4051.42   0.00012144624
4088.95   0.00011847939
4126.82   0.00011558502
4165.04   0.00011276136
4203.62   0.00011000668
4242.56   0.00010731929
4281.85   0.00010469756
4321.51   0.00010213987
4361.54   9.9644663e-05
4401.94   9.7210414e-05
4442.71   9.4835631e-05
4483.86   9.2518863e-05
4525.39   9.0258692e-05
4567.30   8.8053735e-05
4609.60   8.5902643e-05
4652.30   8.3804102e-05
4695.39   8.1756826e-05
4738.88   7.9759564e-05
4782.77   7.7811093e-05
4827.07   7.5910223e-05
4871.78   7.4055789e-05
4916.90   7.2246658e-05
4962.44   7.0481722e-05
5008.41   6.8759903e-05
5054.80   6.7080146e-05
5101.61   6.5441425e-05
5148.87   6.3842737e-05
5196.56   6.2283103e-05
5244.69   6.0761571e-05
5293.27   5.9277208e-05
5342.29   5.7829107e-05
5391.77   5.6416382e-05
5441.71   5.5038169e-05
5492.12   5.3693625e-05
5542.98   5.2381928e-05
5594.32   5.1102274e-05
5646.14   4.9853881e-05
5698.44   4.8635985e-05
5751.22   4.7447842e-05
5804.48   4.6288724e-05
5858.25   4.5157923e-05
5912.51   4.4054747e-05
5967.27   4.2978520e-05
6022.54   4.1928585e-05
6078.32   4.0904299e-05
6134.62   3.9905035e-05
6191.44   3.8930183e-05
6248.79   3.7979146e-05
6306.66   3.7051342e-05
6365.08   3.6146203e-05
6424.03   3.5263177e-05
6483.53   3.4401722e-05
6543.58   3.3561312e-05
6604.19   3.2741432e-05
6665.36   3.1941582e-05
6727.10   3.1161272e-05
6789.40   3.0400023e-05
6852.29   2.9657372e-05
6915.76   2.8932863e-05
6979.81   2.8226053e-05
7044.46   2.7536511e-05
7109.71   2.6863813e-05
7175.56   2.6207549e-05
7242.02   2.5567317e-05
7309.10   2.4942725e-05
7376.79   2.4333392e-05
7445.12   2.3738944e-05
7514.08   2.3159018e-05
7583.67   2.2593259e-05
7653.92   2.2041322e-05
7724.81   2.1502868e-05
7796.36   2.0977568e-05
7868.57   2.0465070e-05
7941.45   1.9965123e-05
8015.01   1.9477389e-05
8089.24   1.9001570e-05
8164.17   1.8537375e-05
8239.79   1.8084519e-05
8316.11   1.7642727e-05
8393.13   1.7211728e-05
8470.87   1.6791257e-05
8549.33   1.6381059e-05
8628.51   1.5980881e-05
8708.43   1.5590479e-05
8789.09   1.5209614e-05
8870.50   1.4838054e-05
8952.66   1.4475571e-05
9035.58   1.4121943e-05
9119.27   1.3776954e-05
9203.73   1.3440392e-05
9288.98   1.3112053e-05
9375.02   1.2791734e-05
9461.85   1.2479241e-05
9549.49   1.2174382e-05
9637.93   1.1876971e-05
9727.20   1.1586824e-05
9817.30   1.1303766e-05
9908.23   1.1027623e-05
10000.0   1.0758226e-05
