    0.10000E-03    0.36016E+03
    0.10202E-03    0.36714E+03
    0.10408E-03    0.37425E+03
    0.10618E-03    0.38150E+03
    0.10833E-03    0.38889E+03
    0.11052E-03    0.39643E+03
    0.11275E-03    0.40411E+03
    0.11503E-03    0.41193E+03
    0.11735E-03    0.41991E+03
    0.11972E-03    0.42805E+03
    0.12214E-03    0.43634E+03
    0.12461E-03    0.44479E+03
    0.12712E-03    0.45340E+03
    0.12969E-03    0.46218E+03
    0.13231E-03    0.47113E+03
    0.13499E-03    0.48026E+03
    0.13771E-03    0.48956E+03
    0.14049E-03    0.49904E+03
    0.14333E-03    0.50870E+03
    0.14623E-03    0.51855E+03
    0.14918E-03    0.52859E+03
    0.15220E-03    0.53882E+03
    0.15527E-03    0.54925E+03
    0.15841E-03    0.55989E+03
    0.16161E-03    0.57072E+03
    0.16487E-03    0.58177E+03
    0.16820E-03    0.59303E+03
    0.17160E-03    0.60451E+03
    0.17507E-03    0.61621E+03
    0.17860E-03    0.62813E+03
    0.18221E-03    0.64028E+03
    0.18589E-03    0.65267E+03
    0.18965E-03    0.66530E+03
    0.19348E-03    0.67817E+03
    0.19739E-03    0.69129E+03
    0.20138E-03    0.70466E+03
    0.20544E-03    0.71828E+03
    0.20959E-03    0.73217E+03
    0.21383E-03    0.74633E+03
    0.21815E-03    0.76076E+03
    0.22255E-03    0.77547E+03
    0.22705E-03    0.79046E+03
    0.23164E-03    0.80573E+03
    0.23632E-03    0.82130E+03
    0.24109E-03    0.83717E+03
    0.24596E-03    0.85335E+03
    0.25093E-03    0.86983E+03
    0.25600E-03    0.88663E+03
    0.26117E-03    0.90376E+03
    0.26645E-03    0.92121E+03
    0.27183E-03    0.93899E+03
    0.27732E-03    0.95712E+03
    0.28292E-03    0.97559E+03
    0.28864E-03    0.99441E+03
    0.29447E-03    0.10136E+04
    0.30042E-03    0.10332E+04
    0.30649E-03    0.10531E+04
    0.31268E-03    0.10734E+04
    0.31899E-03    0.10941E+04
    0.32544E-03    0.11152E+04
    0.33201E-03    0.11366E+04
    0.33872E-03    0.11585E+04
    0.34556E-03    0.11809E+04
    0.35254E-03    0.12036E+04
    0.35966E-03    0.12268E+04
    0.36693E-03    0.12504E+04
    0.37434E-03    0.12744E+04
    0.38190E-03    0.12989E+04
    0.38962E-03    0.13239E+04
    0.39749E-03    0.13494E+04
    0.40552E-03    0.13753E+04
    0.41371E-03    0.14017E+04
    0.42207E-03    0.14286E+04
    0.43060E-03    0.14561E+04
    0.43929E-03    0.14840E+04
    0.44817E-03    0.15125E+04
    0.45722E-03    0.15415E+04
    0.46646E-03    0.15710E+04
    0.47588E-03    0.16011E+04
    0.48550E-03    0.16318E+04
    0.49530E-03    0.16630E+04
    0.50531E-03    0.16948E+04
    0.51552E-03    0.17272E+04
    0.52593E-03    0.17603E+04
    0.53656E-03    0.17939E+04
    0.54739E-03    0.18281E+04
    0.55845E-03    0.18630E+04
    0.56973E-03    0.18986E+04
    0.58124E-03    0.19348E+04
    0.59299E-03    0.19716E+04
    0.60496E-03    0.20092E+04
    0.61719E-03    0.20474E+04
    0.62965E-03    0.20863E+04
    0.64237E-03    0.21260E+04
    0.65535E-03    0.21663E+04
    0.66859E-03    0.22074E+04
    0.68210E-03    0.22493E+04
    0.69588E-03    0.22919E+04
    0.70993E-03    0.23353E+04
    0.72427E-03    0.23795E+04
    0.73891E-03    0.24245E+04
    0.75383E-03    0.24703E+04
    0.76906E-03    0.25169E+04
    0.78460E-03    0.25643E+04
    0.80045E-03    0.26127E+04
    0.81662E-03    0.26618E+04
    0.83311E-03    0.27119E+04
    0.84994E-03    0.27628E+04
    0.86711E-03    0.28147E+04
    0.88463E-03    0.28674E+04
    0.90250E-03    0.29211E+04
    0.92073E-03    0.29757E+04
    0.93933E-03    0.30313E+04
    0.95831E-03    0.30879E+04
    0.97767E-03    0.31455E+04
    0.99742E-03    0.32040E+04
    0.10176E-02    0.32636E+04
    0.10381E-02    0.33242E+04
    0.10591E-02    0.33859E+04
    0.10805E-02    0.34486E+04
    0.11023E-02    0.35124E+04
    0.11246E-02    0.35772E+04
    0.11473E-02    0.36432E+04
    0.11705E-02    0.37103E+04
    0.11941E-02    0.37785E+04
    0.12182E-02    0.38479E+04
    0.12429E-02    0.39184E+04
    0.12680E-02    0.39901E+04
    0.12936E-02    0.40630E+04
    0.13197E-02    0.41371E+04
    0.13464E-02    0.42124E+04
    0.13736E-02    0.42890E+04
    0.14013E-02    0.43668E+04
    0.14296E-02    0.44458E+04
    0.14585E-02    0.45261E+04
    0.14880E-02    0.46077E+04
    0.15180E-02    0.46906E+04
    0.15487E-02    0.47748E+04
    0.15800E-02    0.48604E+04
    0.16119E-02    0.49472E+04
    0.16445E-02    0.50354E+04
    0.16777E-02    0.51250E+04
    0.17116E-02    0.52160E+04
    0.17462E-02    0.53083E+04
    0.17814E-02    0.54020E+04
    0.18174E-02    0.54971E+04
    0.18541E-02    0.55937E+04
    0.18916E-02    0.56917E+04
    0.19298E-02    0.57911E+04
    0.19688E-02    0.58919E+04
    0.20086E-02    0.59942E+04
    0.20491E-02    0.60979E+04
    0.20905E-02    0.62032E+04
    0.21328E-02    0.63099E+04
    0.21758E-02    0.64180E+04
    0.22198E-02    0.65277E+04
    0.22646E-02    0.66388E+04
    0.23104E-02    0.67514E+04
    0.23571E-02    0.68655E+04
    0.24047E-02    0.69812E+04
    0.24533E-02    0.70983E+04
    0.25028E-02    0.72169E+04
    0.25534E-02    0.73370E+04
    0.26050E-02    0.74586E+04
    0.26576E-02    0.75817E+04
    0.27113E-02    0.77063E+04
    0.27660E-02    0.78323E+04
    0.28219E-02    0.79599E+04
    0.28789E-02    0.80889E+04
    0.29371E-02    0.82194E+04
    0.29964E-02    0.83513E+04
    0.30569E-02    0.84847E+04
    0.31187E-02    0.86195E+04
    0.31817E-02    0.87557E+04
    0.32460E-02    0.88934E+04
    0.33115E-02    0.90324E+04
    0.33784E-02    0.91728E+04
    0.34467E-02    0.93145E+04
    0.35163E-02    0.94576E+04
    0.35874E-02    0.96020E+04
    0.36598E-02    0.97476E+04
    0.37338E-02    0.98945E+04
    0.38092E-02    0.10043E+05
    0.38861E-02    0.10192E+05
    0.39646E-02    0.10342E+05
    0.40447E-02    0.10494E+05
    0.41264E-02    0.10647E+05
    0.42098E-02    0.10801E+05
    0.42948E-02    0.10955E+05
    0.43816E-02    0.11111E+05
    0.44701E-02    0.11268E+05
    0.45604E-02    0.11425E+05
    0.46525E-02    0.11584E+05
    0.47465E-02    0.11743E+05
    0.48424E-02    0.11903E+05
    0.49402E-02    0.12063E+05
    0.50400E-02    0.12224E+05
    0.51419E-02    0.12386E+05
    0.52457E-02    0.12548E+05
    0.53517E-02    0.12710E+05
    0.54598E-02    0.12873E+05
    0.55701E-02    0.13036E+05
    0.56826E-02    0.13200E+05
    0.57974E-02    0.13363E+05
    0.59145E-02    0.13526E+05
    0.60340E-02    0.13690E+05
    0.61559E-02    0.13853E+05
    0.62803E-02    0.14015E+05
    0.64072E-02    0.14178E+05
    0.65366E-02    0.14340E+05
    0.66686E-02    0.14501E+05
    0.68033E-02    0.14662E+05
    0.69408E-02    0.14822E+05
    0.70810E-02    0.14981E+05
    0.72240E-02    0.15139E+05
    0.73700E-02    0.15296E+05
    0.75189E-02    0.15451E+05
    0.76708E-02    0.15606E+05
    0.78257E-02    0.15758E+05
    0.79838E-02    0.15909E+05
    0.81451E-02    0.16058E+05
    0.83096E-02    0.16206E+05
    0.84775E-02    0.16351E+05
    0.86488E-02    0.16493E+05
    0.88235E-02    0.16634E+05
    0.90017E-02    0.16771E+05
    0.91836E-02    0.16906E+05
    0.93691E-02    0.17039E+05
    0.95583E-02    0.17168E+05
    0.97514E-02    0.17293E+05
    0.99484E-02    0.17416E+05
    0.10149E-01    0.17534E+05
    0.10354E-01    0.17649E+05
    0.10564E-01    0.17760E+05
    0.10777E-01    0.17867E+05
    0.10995E-01    0.17969E+05
    0.11217E-01    0.18066E+05
    0.11443E-01    0.18159E+05
    0.11675E-01    0.18247E+05
    0.11910E-01    0.18329E+05
    0.12151E-01    0.18406E+05
    0.12397E-01    0.18478E+05
    0.12647E-01    0.18545E+05
    0.12902E-01    0.18605E+05
    0.13163E-01    0.18659E+05
    0.13429E-01    0.18706E+05
    0.13700E-01    0.18746E+05
    0.13977E-01    0.18777E+05
    0.14259E-01    0.18801E+05
    0.14547E-01    0.18819E+05
    0.14841E-01    0.18831E+05
    0.15141E-01    0.18840E+05
    0.15447E-01    0.18845E+05
    0.15759E-01    0.18846E+05
    0.16077E-01    0.18840E+05
    0.16402E-01    0.18826E+05
    0.16734E-01    0.18800E+05
    0.17072E-01    0.18762E+05
    0.17416E-01    0.18711E+05
    0.17768E-01    0.18650E+05
    0.18127E-01    0.18579E+05
    0.18493E-01    0.18499E+05
    0.18867E-01    0.18413E+05
    0.19248E-01    0.18318E+05
    0.19637E-01    0.18214E+05
    0.20034E-01    0.18100E+05
    0.20438E-01    0.17973E+05
    0.20851E-01    0.17834E+05
    0.21272E-01    0.17682E+05
    0.21702E-01    0.17521E+05
    0.22141E-01    0.17351E+05
    0.22588E-01    0.17174E+05
    0.23044E-01    0.16992E+05
    0.23510E-01    0.16804E+05
    0.23985E-01    0.16610E+05
    0.24469E-01    0.16411E+05
    0.24964E-01    0.16206E+05
    0.25468E-01    0.15996E+05
    0.25982E-01    0.15780E+05
    0.26507E-01    0.15557E+05
    0.27043E-01    0.15329E+05
    0.27589E-01    0.15094E+05
    0.28146E-01    0.14853E+05
    0.28715E-01    0.14606E+05
    0.29295E-01    0.14355E+05
    0.29887E-01    0.14100E+05
    0.30490E-01    0.13841E+05
    0.31106E-01    0.13581E+05
    0.31735E-01    0.13319E+05
    0.32376E-01    0.13057E+05
    0.33030E-01    0.12796E+05
    0.33697E-01    0.12537E+05
    0.34378E-01    0.12280E+05
    0.35072E-01    0.12027E+05
    0.35781E-01    0.11777E+05
    0.36504E-01    0.11532E+05
    0.37241E-01    0.11291E+05
    0.37993E-01    0.11055E+05
    0.38761E-01    0.10824E+05
    0.39544E-01    0.10600E+05
    0.40343E-01    0.10382E+05
    0.41158E-01    0.10170E+05
    0.41989E-01    0.99653E+04
    0.42838E-01    0.97683E+04
    0.43703E-01    0.95796E+04
    0.44586E-01    0.94000E+04
    0.45486E-01    0.92299E+04
    0.46405E-01    0.90691E+04
    0.47343E-01    0.89170E+04
    0.48299E-01    0.87728E+04
    0.49275E-01    0.86358E+04
    0.50270E-01    0.85054E+04
    0.51286E-01    0.83808E+04
    0.52322E-01    0.82617E+04
    0.53379E-01    0.81474E+04
    0.54457E-01    0.80373E+04
    0.55557E-01    0.79300E+04
    0.56680E-01    0.78245E+04
    0.57825E-01    0.77196E+04
    0.58993E-01    0.76142E+04
    0.60184E-01    0.75074E+04
    0.61400E-01    0.73983E+04
    0.62641E-01    0.72858E+04
    0.63906E-01    0.71684E+04
    0.65197E-01    0.70442E+04
    0.66514E-01    0.69121E+04
    0.67858E-01    0.67730E+04
    0.69229E-01    0.66289E+04
    0.70627E-01    0.64812E+04
    0.72054E-01    0.63279E+04
    0.73510E-01    0.61649E+04
    0.74994E-01    0.59898E+04
    0.76509E-01    0.58051E+04
    0.78055E-01    0.56145E+04
    0.79632E-01    0.54212E+04
    0.81241E-01    0.52265E+04
    0.82882E-01    0.50315E+04
    0.84556E-01    0.48381E+04
    0.86264E-01    0.46486E+04
    0.88007E-01    0.44649E+04
    0.89785E-01    0.42891E+04
    0.91598E-01    0.41230E+04
    0.93449E-01    0.39680E+04
    0.95337E-01    0.38254E+04
    0.97263E-01    0.36962E+04
    0.99227E-01    0.35807E+04
    0.10123E+00    0.34785E+04
    0.10328E+00    0.33892E+04
    0.10536E+00    0.33114E+04
    0.10749E+00    0.32436E+04
    0.10966E+00    0.31836E+04
    0.11188E+00    0.31292E+04
    0.11414E+00    0.30779E+04
    0.11644E+00    0.30270E+04
    0.11880E+00    0.29740E+04
    0.12120E+00    0.29165E+04
    0.12365E+00    0.28523E+04
    0.12614E+00    0.27803E+04
    0.12869E+00    0.26997E+04
    0.13129E+00    0.26109E+04
    0.13394E+00    0.25148E+04
    0.13665E+00    0.24133E+04
    0.13941E+00    0.23082E+04
    0.14223E+00    0.22023E+04
    0.14510E+00    0.20981E+04
    0.14803E+00    0.19986E+04
    0.15102E+00    0.19066E+04
    0.15407E+00    0.18244E+04
    0.15718E+00    0.17531E+04
    0.16036E+00    0.16929E+04
    0.16360E+00    0.16426E+04
    0.16690E+00    0.16005E+04
    0.17028E+00    0.15643E+04
    0.17371E+00    0.15316E+04
    0.17722E+00    0.14998E+04
    0.18080E+00    0.14662E+04
    0.18446E+00    0.14283E+04
    0.18818E+00    0.13845E+04
    0.19198E+00    0.13346E+04
    0.19586E+00    0.12797E+04
    0.19982E+00    0.12220E+04
    0.20386E+00    0.11639E+04
    0.20797E+00    0.11078E+04
    0.21218E+00    0.10558E+04
    0.21646E+00    0.10098E+04
    0.22083E+00    0.97047E+03
    0.22530E+00    0.93763E+03
    0.22985E+00    0.90993E+03
    0.23449E+00    0.88537E+03
    0.23923E+00    0.86170E+03
    0.24406E+00    0.83681E+03
    0.24899E+00    0.80925E+03
    0.25402E+00    0.77862E+03
    0.25915E+00    0.74564E+03
    0.26439E+00    0.71176E+03
    0.26973E+00    0.67867E+03
    0.27518E+00    0.64796E+03
    0.28074E+00    0.62071E+03
    0.28641E+00    0.59719E+03
    0.29219E+00    0.57671E+03
    0.29810E+00    0.55797E+03
    0.30412E+00    0.53958E+03
    0.31026E+00    0.52049E+03
    0.31653E+00    0.50019E+03
    0.32292E+00    0.47896E+03
    0.32945E+00    0.45772E+03
    0.33610E+00    0.43752E+03
    0.34289E+00    0.41901E+03
    0.34982E+00    0.40238E+03
    0.35689E+00    0.38734E+03
    0.36409E+00    0.37314E+03
    0.37145E+00    0.35904E+03
    0.37895E+00    0.34469E+03
    0.38661E+00    0.33016E+03
    0.39442E+00    0.31587E+03
    0.40239E+00    0.30233E+03
    0.41052E+00    0.28977E+03
    0.41881E+00    0.27816E+03
    0.42727E+00    0.26717E+03
    0.43590E+00    0.25645E+03
    0.44471E+00    0.24583E+03
    0.45369E+00    0.23536E+03
    0.46286E+00    0.22527E+03
    0.47221E+00    0.21574E+03
    0.48174E+00    0.20677E+03
    0.49148E+00    0.19824E+03
    0.50141E+00    0.18998E+03
    0.51153E+00    0.18193E+03
    0.52187E+00    0.17412E+03
    0.53241E+00    0.16666E+03
    0.54317E+00    0.15957E+03
    0.55414E+00    0.15278E+03
    0.56533E+00    0.14626E+03
    0.57675E+00    0.13998E+03
    0.58840E+00    0.13395E+03
    0.60029E+00    0.12817E+03
    0.61242E+00    0.12263E+03
    0.62479E+00    0.11731E+03
    0.63741E+00    0.11222E+03
    0.65029E+00    0.10734E+03
    0.66342E+00    0.10266E+03
    0.67683E+00    0.98171E+02
    0.69050E+00    0.93872E+02
    0.70445E+00    0.89754E+02
    0.71868E+00    0.85807E+02
    0.73320E+00    0.82025E+02
    0.74801E+00    0.78402E+02
    0.76312E+00    0.74932E+02
    0.77854E+00    0.71608E+02
    0.79426E+00    0.68425E+02
    0.81031E+00    0.65377E+02
    0.82668E+00    0.62459E+02
    0.84338E+00    0.59666E+02
    0.86041E+00    0.56993E+02
    0.87780E+00    0.54434E+02
    0.89553E+00    0.51986E+02
    0.91362E+00    0.49644E+02
    0.93208E+00    0.47403E+02
    0.95091E+00    0.45260E+02
    0.97011E+00    0.43210E+02
    0.98971E+00    0.41250E+02
    0.10097E+01    0.39375E+02
    0.10301E+01    0.37582E+02
    0.10509E+01    0.35868E+02
    0.10721E+01    0.34229E+02
    0.10938E+01    0.32663E+02
    0.11159E+01    0.31166E+02
    0.11384E+01    0.29735E+02
    0.11614E+01    0.28367E+02
    0.11849E+01    0.27061E+02
    0.12088E+01    0.25812E+02
    0.12333E+01    0.24620E+02
    0.12582E+01    0.23480E+02
    0.12836E+01    0.22392E+02
    0.13095E+01    0.21353E+02
    0.13360E+01    0.20360E+02
    0.13630E+01    0.19412E+02
    0.13905E+01    0.18507E+02
    0.14186E+01    0.17643E+02
    0.14472E+01    0.16818E+02
    0.14765E+01    0.16030E+02
    0.15063E+01    0.15278E+02
    0.15367E+01    0.14561E+02
    0.15678E+01    0.13876E+02
    0.15994E+01    0.13223E+02
    0.16318E+01    0.12599E+02
    0.16647E+01    0.12004E+02
    0.16984E+01    0.11437E+02
    0.17327E+01    0.10896E+02
    0.17677E+01    0.10379E+02
    0.18034E+01    0.98864E+01
    0.18398E+01    0.94166E+01
    0.18770E+01    0.89685E+01
    0.19149E+01    0.85412E+01
    0.19536E+01    0.81338E+01
    0.19930E+01    0.77453E+01
    0.20333E+01    0.73750E+01
    0.20744E+01    0.70219E+01
    0.21163E+01    0.66853E+01
    0.21590E+01    0.63645E+01
    0.22026E+01    0.60588E+01
    0.22471E+01    0.57674E+01
    0.22925E+01    0.54896E+01
    0.23388E+01    0.52250E+01
    0.23861E+01    0.49728E+01
    0.24343E+01    0.47326E+01
    0.24835E+01    0.45037E+01
    0.25336E+01    0.42856E+01
    0.25848E+01    0.40779E+01
    0.26370E+01    0.38800E+01
    0.26903E+01    0.36915E+01
    0.27447E+01    0.35120E+01
    0.28001E+01    0.33411E+01
    0.28567E+01    0.31783E+01
    0.29144E+01    0.30232E+01
    0.29733E+01    0.28756E+01
    0.30333E+01    0.27351E+01
    0.30946E+01    0.26013E+01
    0.31571E+01    0.24739E+01
    0.32209E+01    0.23526E+01
    0.32860E+01    0.22372E+01
    0.33523E+01    0.21273E+01
    0.34201E+01    0.20227E+01
    0.34892E+01    0.19232E+01
    0.35596E+01    0.18285E+01
    0.36316E+01    0.17384E+01
    0.37049E+01    0.16526E+01
    0.37798E+01    0.15710E+01
    0.38561E+01    0.14933E+01
    0.39340E+01    0.14194E+01
    0.40135E+01    0.13492E+01
    0.40946E+01    0.12823E+01
    0.41773E+01    0.12187E+01
    0.42617E+01    0.11582E+01
    0.43478E+01    0.11006E+01
    0.44356E+01    0.10459E+01
    0.45252E+01    0.99385E+00
    0.46166E+01    0.94434E+00
    0.47099E+01    0.89726E+00
    0.48050E+01    0.85249E+00
    0.49021E+01    0.80993E+00
    0.50011E+01    0.76945E+00
    0.51021E+01    0.73097E+00
    0.52052E+01    0.69438E+00
    0.53104E+01    0.65960E+00
    0.54176E+01    0.62653E+00
    0.55271E+01    0.59510E+00
    0.56387E+01    0.56522E+00
    0.57526E+01    0.53682E+00
    0.58689E+01    0.50983E+00
    0.59874E+01    0.48417E+00
    0.61084E+01    0.45979E+00
    0.62318E+01    0.43662E+00
    0.63577E+01    0.41460E+00
    0.64861E+01    0.39368E+00
    0.66171E+01    0.37380E+00
    0.67508E+01    0.35491E+00
    0.68872E+01    0.33696E+00
    0.70263E+01    0.31990E+00
    0.71682E+01    0.30370E+00
    0.73130E+01    0.28831E+00
    0.74608E+01    0.27369E+00
    0.76115E+01    0.25980E+00
    0.77653E+01    0.24661E+00
    0.79221E+01    0.23408E+00
    0.80822E+01    0.22218E+00
    0.82454E+01    0.21087E+00
    0.84120E+01    0.20013E+00
    0.85819E+01    0.18994E+00
    0.87553E+01    0.18025E+00
    0.89322E+01    0.17106E+00
    0.91126E+01    0.16233E+00
    0.92967E+01    0.15404E+00
    0.94845E+01    0.14616E+00
    0.96761E+01    0.13869E+00
    0.98716E+01    0.13159E+00
    0.10071E+02    0.12485E+00
    0.10274E+02    0.11846E+00
    0.10482E+02    0.11239E+00
    0.10694E+02    0.10662E+00
    0.10910E+02    0.10115E+00
    0.11130E+02    0.95954E-01
    0.11355E+02    0.91023E-01
    0.11584E+02    0.86343E-01
    0.11818E+02    0.81901E-01
    0.12057E+02    0.77685E-01
    0.12301E+02    0.73684E-01
    0.12549E+02    0.69887E-01
    0.12803E+02    0.66284E-01
    0.13061E+02    0.62864E-01
    0.13325E+02    0.59619E-01
    0.13594E+02    0.56540E-01
    0.13869E+02    0.53618E-01
    0.14149E+02    0.50846E-01
    0.14435E+02    0.48215E-01
    0.14727E+02    0.45719E-01
    0.15024E+02    0.43352E-01
    0.15328E+02    0.41105E-01
    0.15637E+02    0.38974E-01
    0.15953E+02    0.36953E-01
    0.16275E+02    0.35035E-01
    0.16604E+02    0.33216E-01
    0.16940E+02    0.31490E-01
    0.17282E+02    0.29853E-01
    0.17631E+02    0.28301E-01
    0.17987E+02    0.26828E-01
    0.18351E+02    0.25432E-01
    0.18721E+02    0.24107E-01
    0.19099E+02    0.22851E-01
    0.19485E+02    0.21659E-01
    0.19879E+02    0.20530E-01
    0.20280E+02    0.19458E-01
    0.20690E+02    0.18442E-01
    0.21108E+02    0.17479E-01
    0.21535E+02    0.16565E-01
    0.21970E+02    0.15699E-01
    0.22413E+02    0.14877E-01
    0.22866E+02    0.14099E-01
    0.23328E+02    0.13360E-01
    0.23799E+02    0.12660E-01
    0.24280E+02    0.11996E-01
    0.24771E+02    0.11367E-01
    0.25271E+02    0.10771E-01
    0.25782E+02    0.10205E-01
    0.26302E+02    0.96693E-02
    0.26834E+02    0.91612E-02
    0.27376E+02    0.86795E-02
    0.27929E+02    0.82230E-02
    0.28493E+02    0.77902E-02
    0.29069E+02    0.73800E-02
    0.29656E+02    0.69913E-02
    0.30255E+02    0.66228E-02
    0.30866E+02    0.62736E-02
    0.31490E+02    0.59426E-02
    0.32126E+02    0.56289E-02
    0.32775E+02    0.53317E-02
    0.33437E+02    0.50500E-02
    0.34112E+02    0.47830E-02
    0.34801E+02    0.45300E-02
    0.35504E+02    0.42903E-02
    0.36222E+02    0.40632E-02
    0.36953E+02    0.38480E-02
    0.37700E+02    0.36441E-02
    0.38462E+02    0.34509E-02
    0.39239E+02    0.32678E-02
    0.40031E+02    0.30944E-02
    0.40840E+02    0.29301E-02
    0.41665E+02    0.27745E-02
    0.42507E+02    0.26270E-02
    0.43365E+02    0.24873E-02
    0.44241E+02    0.23550E-02
    0.45135E+02    0.22296E-02
    0.46047E+02    0.21108E-02
    0.46977E+02    0.19983E-02
    0.47926E+02    0.18917E-02
    0.48894E+02    0.17907E-02
    0.49882E+02    0.16950E-02
    0.50890E+02    0.16044E-02
    0.51918E+02    0.15186E-02
    0.52966E+02    0.14373E-02
    0.54036E+02    0.13604E-02
    0.55128E+02    0.12875E-02
    0.56242E+02    0.12186E-02
    0.57378E+02    0.11533E-02
    0.58537E+02    0.10915E-02
