    0.10000E-03    0.56580E+03
    0.10202E-03    0.57677E+03
    0.10408E-03    0.58794E+03
    0.10618E-03    0.59933E+03
    0.10833E-03    0.61094E+03
    0.11052E-03    0.62277E+03
    0.11275E-03    0.63484E+03
    0.11503E-03    0.64713E+03
    0.11735E-03    0.65967E+03
    0.11972E-03    0.67245E+03
    0.12214E-03    0.68547E+03
    0.12461E-03    0.69875E+03
    0.12712E-03    0.71228E+03
    0.12969E-03    0.72607E+03
    0.13231E-03    0.74013E+03
    0.13499E-03    0.75447E+03
    0.13771E-03    0.76907E+03
    0.14049E-03    0.78397E+03
    0.14333E-03    0.79915E+03
    0.14623E-03    0.81462E+03
    0.14918E-03    0.83039E+03
    0.15220E-03    0.84646E+03
    0.15527E-03    0.86285E+03
    0.15841E-03    0.87955E+03
    0.16161E-03    0.89658E+03
    0.16487E-03    0.91393E+03
    0.16820E-03    0.93161E+03
    0.17160E-03    0.94964E+03
    0.17507E-03    0.96802E+03
    0.17860E-03    0.98675E+03
    0.18221E-03    0.10058E+04
    0.18589E-03    0.10253E+04
    0.18965E-03    0.10451E+04
    0.19348E-03    0.10653E+04
    0.19739E-03    0.10860E+04
    0.20138E-03    0.11070E+04
    0.20544E-03    0.11284E+04
    0.20959E-03    0.11502E+04
    0.21383E-03    0.11724E+04
    0.21815E-03    0.11951E+04
    0.22255E-03    0.12182E+04
    0.22705E-03    0.12417E+04
    0.23164E-03    0.12657E+04
    0.23632E-03    0.12902E+04
    0.24109E-03    0.13151E+04
    0.24596E-03    0.13405E+04
    0.25093E-03    0.13664E+04
    0.25600E-03    0.13928E+04
    0.26117E-03    0.14197E+04
    0.26645E-03    0.14471E+04
    0.27183E-03    0.14750E+04
    0.27732E-03    0.15035E+04
    0.28292E-03    0.15325E+04
    0.28864E-03    0.15621E+04
    0.29447E-03    0.15922E+04
    0.30042E-03    0.16229E+04
    0.30649E-03    0.16542E+04
    0.31268E-03    0.16861E+04
    0.31899E-03    0.17186E+04
    0.32544E-03    0.17517E+04
    0.33201E-03    0.17854E+04
    0.33872E-03    0.18198E+04
    0.34556E-03    0.18549E+04
    0.35254E-03    0.18906E+04
    0.35966E-03    0.19270E+04
    0.36693E-03    0.19640E+04
    0.37434E-03    0.20018E+04
    0.38190E-03    0.20403E+04
    0.38962E-03    0.20795E+04
    0.39749E-03    0.21195E+04
    0.40552E-03    0.21602E+04
    0.41371E-03    0.22017E+04
    0.42207E-03    0.22440E+04
    0.43060E-03    0.22870E+04
    0.43929E-03    0.23309E+04
    0.44817E-03    0.23756E+04
    0.45722E-03    0.24211E+04
    0.46646E-03    0.24675E+04
    0.47588E-03    0.25148E+04
    0.48550E-03    0.25629E+04
    0.49530E-03    0.26120E+04
    0.50531E-03    0.26619E+04
    0.51552E-03    0.27128E+04
    0.52593E-03    0.27646E+04
    0.53656E-03    0.28174E+04
    0.54739E-03    0.28712E+04
    0.55845E-03    0.29260E+04
    0.56973E-03    0.29818E+04
    0.58124E-03    0.30386E+04
    0.59299E-03    0.30965E+04
    0.60496E-03    0.31554E+04
    0.61719E-03    0.32154E+04
    0.62965E-03    0.32766E+04
    0.64237E-03    0.33388E+04
    0.65535E-03    0.34022E+04
    0.66859E-03    0.34667E+04
    0.68210E-03    0.35324E+04
    0.69588E-03    0.35994E+04
    0.70993E-03    0.36675E+04
    0.72427E-03    0.37368E+04
    0.73891E-03    0.38075E+04
    0.75383E-03    0.38793E+04
    0.76906E-03    0.39525E+04
    0.78460E-03    0.40270E+04
    0.80045E-03    0.41029E+04
    0.81662E-03    0.41801E+04
    0.83311E-03    0.42586E+04
    0.84994E-03    0.43386E+04
    0.86711E-03    0.44200E+04
    0.88463E-03    0.45028E+04
    0.90250E-03    0.45871E+04
    0.92073E-03    0.46729E+04
    0.93933E-03    0.47602E+04
    0.95831E-03    0.48490E+04
    0.97767E-03    0.49394E+04
    0.99742E-03    0.50314E+04
    0.10176E-02    0.51249E+04
    0.10381E-02    0.52201E+04
    0.10591E-02    0.53169E+04
    0.10805E-02    0.54153E+04
    0.11023E-02    0.55155E+04
    0.11246E-02    0.56173E+04
    0.11473E-02    0.57209E+04
    0.11705E-02    0.58262E+04
    0.11941E-02    0.59334E+04
    0.12182E-02    0.60423E+04
    0.12429E-02    0.61530E+04
    0.12680E-02    0.62656E+04
    0.12936E-02    0.63800E+04
    0.13197E-02    0.64964E+04
    0.13464E-02    0.66146E+04
    0.13736E-02    0.67348E+04
    0.14013E-02    0.68569E+04
    0.14296E-02    0.69810E+04
    0.14585E-02    0.71071E+04
    0.14880E-02    0.72353E+04
    0.15180E-02    0.73654E+04
    0.15487E-02    0.74976E+04
    0.15800E-02    0.76319E+04
    0.16119E-02    0.77683E+04
    0.16445E-02    0.79068E+04
    0.16777E-02    0.80475E+04
    0.17116E-02    0.81903E+04
    0.17462E-02    0.83352E+04
    0.17814E-02    0.84824E+04
    0.18174E-02    0.86318E+04
    0.18541E-02    0.87833E+04
    0.18916E-02    0.89372E+04
    0.19298E-02    0.90932E+04
    0.19688E-02    0.92516E+04
    0.20086E-02    0.94122E+04
    0.20491E-02    0.95751E+04
    0.20905E-02    0.97403E+04
    0.21328E-02    0.99078E+04
    0.21758E-02    0.10078E+05
    0.22198E-02    0.10250E+05
    0.22646E-02    0.10424E+05
    0.23104E-02    0.10601E+05
    0.23571E-02    0.10780E+05
    0.24047E-02    0.10962E+05
    0.24533E-02    0.11146E+05
    0.25028E-02    0.11332E+05
    0.25534E-02    0.11521E+05
    0.26050E-02    0.11711E+05
    0.26576E-02    0.11905E+05
    0.27113E-02    0.12100E+05
    0.27660E-02    0.12298E+05
    0.28219E-02    0.12499E+05
    0.28789E-02    0.12701E+05
    0.29371E-02    0.12906E+05
    0.29964E-02    0.13113E+05
    0.30569E-02    0.13323E+05
    0.31187E-02    0.13534E+05
    0.31817E-02    0.13748E+05
    0.32460E-02    0.13964E+05
    0.33115E-02    0.14183E+05
    0.33784E-02    0.14403E+05
    0.34467E-02    0.14626E+05
    0.35163E-02    0.14850E+05
    0.35874E-02    0.15077E+05
    0.36598E-02    0.15306E+05
    0.37338E-02    0.15536E+05
    0.38092E-02    0.15769E+05
    0.38861E-02    0.16003E+05
    0.39646E-02    0.16240E+05
    0.40447E-02    0.16478E+05
    0.41264E-02    0.16718E+05
    0.42098E-02    0.16959E+05
    0.42948E-02    0.17202E+05
    0.43816E-02    0.17447E+05
    0.44701E-02    0.17693E+05
    0.45604E-02    0.17940E+05
    0.46525E-02    0.18189E+05
    0.47465E-02    0.18438E+05
    0.48424E-02    0.18689E+05
    0.49402E-02    0.18941E+05
    0.50400E-02    0.19194E+05
    0.51419E-02    0.19448E+05
    0.52457E-02    0.19703E+05
    0.53517E-02    0.19958E+05
    0.54598E-02    0.20213E+05
    0.55701E-02    0.20470E+05
    0.56826E-02    0.20726E+05
    0.57974E-02    0.20982E+05
    0.59145E-02    0.21239E+05
    0.60340E-02    0.21495E+05
    0.61559E-02    0.21751E+05
    0.62803E-02    0.22007E+05
    0.64072E-02    0.22262E+05
    0.65366E-02    0.22516E+05
    0.66686E-02    0.22770E+05
    0.68033E-02    0.23022E+05
    0.69408E-02    0.23273E+05
    0.70810E-02    0.23523E+05
    0.72240E-02    0.23771E+05
    0.73700E-02    0.24017E+05
    0.75189E-02    0.24262E+05
    0.76708E-02    0.24504E+05
    0.78257E-02    0.24743E+05
    0.79838E-02    0.24980E+05
    0.81451E-02    0.25215E+05
    0.83096E-02    0.25446E+05
    0.84775E-02    0.25673E+05
    0.86488E-02    0.25898E+05
    0.88235E-02    0.26118E+05
    0.90017E-02    0.26334E+05
    0.91836E-02    0.26546E+05
    0.93691E-02    0.26754E+05
    0.95583E-02    0.26956E+05
    0.97514E-02    0.27154E+05
    0.99484E-02    0.27346E+05
    0.10149E-01    0.27532E+05
    0.10354E-01    0.27712E+05
    0.10564E-01    0.27886E+05
    0.10777E-01    0.28054E+05
    0.10995E-01    0.28214E+05
    0.11217E-01    0.28367E+05
    0.11443E-01    0.28513E+05
    0.11675E-01    0.28651E+05
    0.11910E-01    0.28780E+05
    0.12151E-01    0.28902E+05
    0.12397E-01    0.29014E+05
    0.12647E-01    0.29119E+05
    0.12902E-01    0.29214E+05
    0.13163E-01    0.29298E+05
    0.13429E-01    0.29372E+05
    0.13700E-01    0.29434E+05
    0.13977E-01    0.29483E+05
    0.14259E-01    0.29521E+05
    0.14547E-01    0.29549E+05
    0.14841E-01    0.29568E+05
    0.15141E-01    0.29581E+05
    0.15447E-01    0.29590E+05
    0.15759E-01    0.29591E+05
    0.16077E-01    0.29582E+05
    0.16402E-01    0.29560E+05
    0.16734E-01    0.29520E+05
    0.17072E-01    0.29460E+05
    0.17416E-01    0.29380E+05
    0.17768E-01    0.29284E+05
    0.18127E-01    0.29172E+05
    0.18493E-01    0.29047E+05
    0.18867E-01    0.28912E+05
    0.19248E-01    0.28763E+05
    0.19637E-01    0.28600E+05
    0.20034E-01    0.28420E+05
    0.20438E-01    0.28221E+05
    0.20851E-01    0.28002E+05
    0.21272E-01    0.27765E+05
    0.21702E-01    0.27511E+05
    0.22141E-01    0.27245E+05
    0.22588E-01    0.26967E+05
    0.23044E-01    0.26680E+05
    0.23510E-01    0.26385E+05
    0.23985E-01    0.26081E+05
    0.24469E-01    0.25768E+05
    0.24964E-01    0.25447E+05
    0.25468E-01    0.25116E+05
    0.25982E-01    0.24777E+05
    0.26507E-01    0.24428E+05
    0.27043E-01    0.24069E+05
    0.27589E-01    0.23700E+05
    0.28146E-01    0.23321E+05
    0.28715E-01    0.22934E+05
    0.29295E-01    0.22540E+05
    0.29887E-01    0.22139E+05
    0.30490E-01    0.21733E+05
    0.31106E-01    0.21324E+05
    0.31735E-01    0.20913E+05
    0.32376E-01    0.20502E+05
    0.33030E-01    0.20093E+05
    0.33697E-01    0.19685E+05
    0.34378E-01    0.19282E+05
    0.35072E-01    0.18884E+05
    0.35781E-01    0.18492E+05
    0.36504E-01    0.18107E+05
    0.37241E-01    0.17728E+05
    0.37993E-01    0.17358E+05
    0.38761E-01    0.16996E+05
    0.39544E-01    0.16644E+05
    0.40343E-01    0.16301E+05
    0.41158E-01    0.15969E+05
    0.41989E-01    0.15647E+05
    0.42838E-01    0.15338E+05
    0.43703E-01    0.15042E+05
    0.44586E-01    0.14760E+05
    0.45486E-01    0.14493E+05
    0.46405E-01    0.14240E+05
    0.47343E-01    0.14001E+05
    0.48299E-01    0.13775E+05
    0.49275E-01    0.13560E+05
    0.50270E-01    0.13355E+05
    0.51286E-01    0.13159E+05
    0.52322E-01    0.12972E+05
    0.53379E-01    0.12793E+05
    0.54457E-01    0.12620E+05
    0.55557E-01    0.12452E+05
    0.56680E-01    0.12286E+05
    0.57825E-01    0.12121E+05
    0.58993E-01    0.11956E+05
    0.60184E-01    0.11788E+05
    0.61400E-01    0.11617E+05
    0.62641E-01    0.11440E+05
    0.63906E-01    0.11256E+05
    0.65197E-01    0.11061E+05
    0.66514E-01    0.10853E+05
    0.67858E-01    0.10635E+05
    0.69229E-01    0.10409E+05
    0.70627E-01    0.10177E+05
    0.72054E-01    0.99359E+04
    0.73510E-01    0.96800E+04
    0.74994E-01    0.94051E+04
    0.76509E-01    0.91150E+04
    0.78055E-01    0.88158E+04
    0.79632E-01    0.85122E+04
    0.81241E-01    0.82065E+04
    0.82882E-01    0.79003E+04
    0.84556E-01    0.75967E+04
    0.86264E-01    0.72991E+04
    0.88007E-01    0.70107E+04
    0.89785E-01    0.67347E+04
    0.91598E-01    0.64738E+04
    0.93449E-01    0.62305E+04
    0.95337E-01    0.60066E+04
    0.97263E-01    0.58037E+04
    0.99227E-01    0.56223E+04
    0.10123E+00    0.54618E+04
    0.10328E+00    0.53217E+04
    0.10536E+00    0.51995E+04
    0.10749E+00    0.50930E+04
    0.10966E+00    0.49988E+04
    0.11188E+00    0.49134E+04
    0.11414E+00    0.48329E+04
    0.11644E+00    0.47530E+04
    0.11880E+00    0.46697E+04
    0.12120E+00    0.45794E+04
    0.12365E+00    0.44786E+04
    0.12614E+00    0.43655E+04
    0.12869E+00    0.42390E+04
    0.13129E+00    0.40995E+04
    0.13394E+00    0.39488E+04
    0.13665E+00    0.37893E+04
    0.13941E+00    0.36244E+04
    0.14223E+00    0.34580E+04
    0.14510E+00    0.32944E+04
    0.14803E+00    0.31382E+04
    0.15102E+00    0.29938E+04
    0.15407E+00    0.28647E+04
    0.15718E+00    0.27527E+04
    0.16036E+00    0.26582E+04
    0.16360E+00    0.25792E+04
    0.16690E+00    0.25131E+04
    0.17028E+00    0.24563E+04
    0.17371E+00    0.24049E+04
    0.17722E+00    0.23550E+04
    0.18080E+00    0.23022E+04
    0.18446E+00    0.22427E+04
    0.18818E+00    0.21739E+04
    0.19198E+00    0.20955E+04
    0.19586E+00    0.20094E+04
    0.19982E+00    0.19188E+04
    0.20386E+00    0.18275E+04
    0.20797E+00    0.17394E+04
    0.21218E+00    0.16578E+04
    0.21646E+00    0.15855E+04
    0.22083E+00    0.15238E+04
    0.22530E+00    0.14722E+04
    0.22985E+00    0.14288E+04
    0.23449E+00    0.13902E+04
    0.23923E+00    0.13530E+04
    0.24406E+00    0.13139E+04
    0.24899E+00    0.12707E+04
    0.25402E+00    0.12226E+04
    0.25915E+00    0.11708E+04
    0.26439E+00    0.11176E+04
    0.26973E+00    0.10656E+04
    0.27518E+00    0.10174E+04
    0.28074E+00    0.97463E+03
    0.28641E+00    0.93770E+03
    0.29219E+00    0.90554E+03
    0.29810E+00    0.87611E+03
    0.30412E+00    0.84724E+03
    0.31026E+00    0.81726E+03
    0.31653E+00    0.78540E+03
    0.32292E+00    0.75206E+03
    0.32945E+00    0.71870E+03
    0.33610E+00    0.68699E+03
    0.34289E+00    0.65792E+03
    0.34982E+00    0.63181E+03
    0.35689E+00    0.60819E+03
    0.36409E+00    0.58590E+03
    0.37145E+00    0.56376E+03
    0.37895E+00    0.54123E+03
    0.38661E+00    0.51841E+03
    0.39442E+00    0.49598E+03
    0.40239E+00    0.47471E+03
    0.41052E+00    0.45499E+03
    0.41881E+00    0.43676E+03
    0.42727E+00    0.41951E+03
    0.43590E+00    0.40267E+03
    0.44471E+00    0.38599E+03
    0.45369E+00    0.36956E+03
    0.46286E+00    0.35372E+03
    0.47221E+00    0.33876E+03
    0.48174E+00    0.32466E+03
    0.49148E+00    0.31127E+03
    0.50141E+00    0.29830E+03
    0.51153E+00    0.28566E+03
    0.52187E+00    0.27341E+03
    0.53241E+00    0.26169E+03
    0.54317E+00    0.25055E+03
    0.55414E+00    0.23990E+03
    0.56533E+00    0.22965E+03
    0.57675E+00    0.21979E+03
    0.58840E+00    0.21033E+03
    0.60029E+00    0.20125E+03
    0.61242E+00    0.19254E+03
    0.62479E+00    0.18420E+03
    0.63741E+00    0.17620E+03
    0.65029E+00    0.16854E+03
    0.66342E+00    0.16119E+03
    0.67683E+00    0.15415E+03
    0.69050E+00    0.14740E+03
    0.70445E+00    0.14093E+03
    0.71868E+00    0.13473E+03
    0.73320E+00    0.12879E+03
    0.74801E+00    0.12311E+03
    0.76312E+00    0.11766E+03
    0.77854E+00    0.11244E+03
    0.79426E+00    0.10744E+03
    0.81031E+00    0.10265E+03
    0.82668E+00    0.98072E+02
    0.84338E+00    0.93686E+02
    0.86041E+00    0.89489E+02
    0.87780E+00    0.85472E+02
    0.89553E+00    0.81628E+02
    0.91362E+00    0.77950E+02
    0.93208E+00    0.74432E+02
    0.95091E+00    0.71067E+02
    0.97011E+00    0.67848E+02
    0.98971E+00    0.64769E+02
    0.10097E+01    0.61825E+02
    0.10301E+01    0.59010E+02
    0.10509E+01    0.56319E+02
    0.10721E+01    0.53746E+02
    0.10938E+01    0.51287E+02
    0.11159E+01    0.48936E+02
    0.11384E+01    0.46689E+02
    0.11614E+01    0.44542E+02
    0.11849E+01    0.42490E+02
    0.12088E+01    0.40530E+02
    0.12333E+01    0.38657E+02
    0.12582E+01    0.36868E+02
    0.12836E+01    0.35160E+02
    0.13095E+01    0.33527E+02
    0.13360E+01    0.31969E+02
    0.13630E+01    0.30480E+02
    0.13905E+01    0.29059E+02
    0.14186E+01    0.27702E+02
    0.14472E+01    0.26407E+02
    0.14765E+01    0.25170E+02
    0.15063E+01    0.23990E+02
    0.15367E+01    0.22863E+02
    0.15678E+01    0.21788E+02
    0.15994E+01    0.20762E+02
    0.16318E+01    0.19783E+02
    0.16647E+01    0.18849E+02
    0.16984E+01    0.17958E+02
    0.17327E+01    0.17108E+02
    0.17677E+01    0.16297E+02
    0.18034E+01    0.15523E+02
    0.18398E+01    0.14786E+02
    0.18770E+01    0.14082E+02
    0.19149E+01    0.13411E+02
    0.19536E+01    0.12772E+02
    0.19930E+01    0.12162E+02
    0.20333E+01    0.11580E+02
    0.20744E+01    0.11026E+02
    0.21163E+01    0.10497E+02
    0.21590E+01    0.99935E+01
    0.22026E+01    0.95133E+01
    0.22471E+01    0.90558E+01
    0.22925E+01    0.86197E+01
    0.23388E+01    0.82042E+01
    0.23861E+01    0.78082E+01
    0.24343E+01    0.74310E+01
    0.24835E+01    0.70716E+01
    0.25336E+01    0.67292E+01
    0.25848E+01    0.64030E+01
    0.26370E+01    0.60923E+01
    0.26903E+01    0.57963E+01
    0.27447E+01    0.55145E+01
    0.28001E+01    0.52461E+01
    0.28567E+01    0.49904E+01
    0.29144E+01    0.47470E+01
    0.29733E+01    0.45152E+01
    0.30333E+01    0.42946E+01
    0.30946E+01    0.40845E+01
    0.31571E+01    0.38844E+01
    0.32209E+01    0.36940E+01
    0.32860E+01    0.35128E+01
    0.33523E+01    0.33403E+01
    0.34201E+01    0.31760E+01
    0.34892E+01    0.30198E+01
    0.35596E+01    0.28710E+01
    0.36316E+01    0.27295E+01
    0.37049E+01    0.25948E+01
    0.37798E+01    0.24667E+01
    0.38561E+01    0.23448E+01
    0.39340E+01    0.22288E+01
    0.40135E+01    0.21184E+01
    0.40946E+01    0.20134E+01
    0.41773E+01    0.19135E+01
    0.42617E+01    0.18185E+01
    0.43478E+01    0.17282E+01
    0.44356E+01    0.16422E+01
    0.45252E+01    0.15605E+01
    0.46166E+01    0.14828E+01
    0.47099E+01    0.14089E+01
    0.48050E+01    0.13386E+01
    0.49021E+01    0.12717E+01
    0.50011E+01    0.12082E+01
    0.51021E+01    0.11477E+01
    0.52052E+01    0.10903E+01
    0.53104E+01    0.10357E+01
    0.54176E+01    0.98376E+00
    0.55271E+01    0.93441E+00
    0.56387E+01    0.88749E+00
    0.57526E+01    0.84290E+00
    0.58689E+01    0.80052E+00
    0.59874E+01    0.76023E+00
    0.61084E+01    0.72195E+00
    0.62318E+01    0.68557E+00
    0.63577E+01    0.65100E+00
    0.64861E+01    0.61814E+00
    0.66171E+01    0.58692E+00
    0.67508E+01    0.55726E+00
    0.68872E+01    0.52908E+00
    0.70263E+01    0.50230E+00
    0.71682E+01    0.47686E+00
    0.73130E+01    0.45270E+00
    0.74608E+01    0.42974E+00
    0.76115E+01    0.40793E+00
    0.77653E+01    0.38722E+00
    0.79221E+01    0.36754E+00
    0.80822E+01    0.34885E+00
    0.82454E+01    0.33110E+00
    0.84120E+01    0.31424E+00
    0.85819E+01    0.29823E+00
    0.87553E+01    0.28303E+00
    0.89322E+01    0.26859E+00
    0.91126E+01    0.25488E+00
    0.92967E+01    0.24186E+00
    0.94845E+01    0.22950E+00
    0.96761E+01    0.21776E+00
    0.98716E+01    0.20662E+00
    0.10071E+02    0.19604E+00
    0.10274E+02    0.18600E+00
    0.10482E+02    0.17646E+00
    0.10694E+02    0.16741E+00
    0.10910E+02    0.15882E+00
    0.11130E+02    0.15066E+00
    0.11355E+02    0.14292E+00
    0.11584E+02    0.13557E+00
    0.11818E+02    0.12860E+00
    0.12057E+02    0.12198E+00
    0.12301E+02    0.11569E+00
    0.12549E+02    0.10973E+00
    0.12803E+02    0.10407E+00
    0.13061E+02    0.98704E-01
    0.13325E+02    0.93609E-01
    0.13594E+02    0.88774E-01
    0.13869E+02    0.84187E-01
    0.14149E+02    0.79834E-01
    0.14435E+02    0.75703E-01
    0.14727E+02    0.71785E-01
    0.15024E+02    0.68067E-01
    0.15328E+02    0.64540E-01
    0.15637E+02    0.61194E-01
    0.15953E+02    0.58020E-01
    0.16275E+02    0.55008E-01
    0.16604E+02    0.52152E-01
    0.16940E+02    0.49443E-01
    0.17282E+02    0.46872E-01
    0.17631E+02    0.44435E-01
    0.17987E+02    0.42123E-01
    0.18351E+02    0.39930E-01
    0.18721E+02    0.37850E-01
    0.19099E+02    0.35877E-01
    0.19485E+02    0.34007E-01
    0.19879E+02    0.32233E-01
    0.20280E+02    0.30550E-01
    0.20690E+02    0.28955E-01
    0.21108E+02    0.27442E-01
    0.21535E+02    0.26008E-01
    0.21970E+02    0.24648E-01
    0.22413E+02    0.23358E-01
    0.22866E+02    0.22135E-01
    0.23328E+02    0.20976E-01
    0.23799E+02    0.19877E-01
    0.24280E+02    0.18835E-01
    0.24771E+02    0.17847E-01
    0.25271E+02    0.16910E-01
    0.25782E+02    0.16022E-01
    0.26302E+02    0.15181E-01
    0.26834E+02    0.14383E-01
    0.27376E+02    0.13626E-01
    0.27929E+02    0.12910E-01
    0.28493E+02    0.12230E-01
    0.29069E+02    0.11586E-01
    0.29656E+02    0.10976E-01
    0.30255E+02    0.10397E-01
    0.30866E+02    0.98488E-02
    0.31490E+02    0.93292E-02
    0.32126E+02    0.88367E-02
    0.32775E+02    0.83700E-02
    0.33437E+02    0.79277E-02
    0.34112E+02    0.75085E-02
    0.34801E+02    0.71113E-02
    0.35504E+02    0.67350E-02
    0.36222E+02    0.63784E-02
    0.36953E+02    0.60405E-02
    0.37700E+02    0.57203E-02
    0.38462E+02    0.54170E-02
    0.39239E+02    0.51296E-02
    0.40031E+02    0.48573E-02
    0.40840E+02    0.45994E-02
    0.41665E+02    0.43550E-02
    0.42507E+02    0.41235E-02
    0.43365E+02    0.39042E-02
    0.44241E+02    0.36964E-02
    0.45135E+02    0.34995E-02
    0.46047E+02    0.33130E-02
    0.46977E+02    0.31364E-02
    0.47926E+02    0.29690E-02
    0.48894E+02    0.28104E-02
    0.49882E+02    0.26602E-02
    0.50890E+02    0.25180E-02
    0.51918E+02    0.23833E-02
    0.52966E+02    0.22557E-02
    0.54036E+02    0.21349E-02
    0.55128E+02    0.20205E-02
    0.56242E+02    0.19122E-02
    0.57378E+02    0.18097E-02
    0.58537E+02    0.17127E-02
