    0.10000E-03    0.42658E+03
    0.10202E-03    0.43485E+03
    0.10408E-03    0.44327E+03
    0.10618E-03    0.45186E+03
    0.10833E-03    0.46061E+03
    0.11052E-03    0.46953E+03
    0.11275E-03    0.47863E+03
    0.11503E-03    0.48790E+03
    0.11735E-03    0.49735E+03
    0.11972E-03    0.50698E+03
    0.12214E-03    0.51680E+03
    0.12461E-03    0.52681E+03
    0.12712E-03    0.53702E+03
    0.12969E-03    0.54742E+03
    0.13231E-03    0.55802E+03
    0.13499E-03    0.56882E+03
    0.13771E-03    0.57984E+03
    0.14049E-03    0.59107E+03
    0.14333E-03    0.60251E+03
    0.14623E-03    0.61418E+03
    0.14918E-03    0.62607E+03
    0.15220E-03    0.63819E+03
    0.15527E-03    0.65054E+03
    0.15841E-03    0.66313E+03
    0.16161E-03    0.67597E+03
    0.16487E-03    0.68905E+03
    0.16820E-03    0.70239E+03
    0.17160E-03    0.71598E+03
    0.17507E-03    0.72984E+03
    0.17860E-03    0.74396E+03
    0.18221E-03    0.75835E+03
    0.18589E-03    0.77303E+03
    0.18965E-03    0.78798E+03
    0.19348E-03    0.80322E+03
    0.19739E-03    0.81876E+03
    0.20138E-03    0.83459E+03
    0.20544E-03    0.85073E+03
    0.20959E-03    0.86718E+03
    0.21383E-03    0.88395E+03
    0.21815E-03    0.90104E+03
    0.22255E-03    0.91846E+03
    0.22705E-03    0.93621E+03
    0.23164E-03    0.95430E+03
    0.23632E-03    0.97274E+03
    0.24109E-03    0.99154E+03
    0.24596E-03    0.10107E+04
    0.25093E-03    0.10302E+04
    0.25600E-03    0.10501E+04
    0.26117E-03    0.10704E+04
    0.26645E-03    0.10911E+04
    0.27183E-03    0.11121E+04
    0.27732E-03    0.11336E+04
    0.28292E-03    0.11555E+04
    0.28864E-03    0.11778E+04
    0.29447E-03    0.12005E+04
    0.30042E-03    0.12236E+04
    0.30649E-03    0.12472E+04
    0.31268E-03    0.12713E+04
    0.31899E-03    0.12958E+04
    0.32544E-03    0.13208E+04
    0.33201E-03    0.13462E+04
    0.33872E-03    0.13721E+04
    0.34556E-03    0.13986E+04
    0.35254E-03    0.14255E+04
    0.35966E-03    0.14529E+04
    0.36693E-03    0.14809E+04
    0.37434E-03    0.15094E+04
    0.38190E-03    0.15384E+04
    0.38962E-03    0.15680E+04
    0.39749E-03    0.15981E+04
    0.40552E-03    0.16288E+04
    0.41371E-03    0.16601E+04
    0.42207E-03    0.16920E+04
    0.43060E-03    0.17245E+04
    0.43929E-03    0.17575E+04
    0.44817E-03    0.17913E+04
    0.45722E-03    0.18256E+04
    0.46646E-03    0.18606E+04
    0.47588E-03    0.18962E+04
    0.48550E-03    0.19325E+04
    0.49530E-03    0.19695E+04
    0.50531E-03    0.20072E+04
    0.51552E-03    0.20456E+04
    0.52593E-03    0.20847E+04
    0.53656E-03    0.21245E+04
    0.54739E-03    0.21651E+04
    0.55845E-03    0.22064E+04
    0.56973E-03    0.22484E+04
    0.58124E-03    0.22913E+04
    0.59299E-03    0.23349E+04
    0.60496E-03    0.23794E+04
    0.61719E-03    0.24247E+04
    0.62965E-03    0.24708E+04
    0.64237E-03    0.25177E+04
    0.65535E-03    0.25655E+04
    0.66859E-03    0.26142E+04
    0.68210E-03    0.26638E+04
    0.69588E-03    0.27142E+04
    0.70993E-03    0.27656E+04
    0.72427E-03    0.28179E+04
    0.73891E-03    0.28712E+04
    0.75383E-03    0.29254E+04
    0.76906E-03    0.29806E+04
    0.78460E-03    0.30368E+04
    0.80045E-03    0.30940E+04
    0.81662E-03    0.31522E+04
    0.83311E-03    0.32115E+04
    0.84994E-03    0.32718E+04
    0.86711E-03    0.33332E+04
    0.88463E-03    0.33957E+04
    0.90250E-03    0.34592E+04
    0.92073E-03    0.35239E+04
    0.93933E-03    0.35898E+04
    0.95831E-03    0.36568E+04
    0.97767E-03    0.37249E+04
    0.99742E-03    0.37943E+04
    0.10176E-02    0.38648E+04
    0.10381E-02    0.39366E+04
    0.10591E-02    0.40096E+04
    0.10805E-02    0.40839E+04
    0.11023E-02    0.41594E+04
    0.11246E-02    0.42362E+04
    0.11473E-02    0.43143E+04
    0.11705E-02    0.43938E+04
    0.11941E-02    0.44746E+04
    0.12182E-02    0.45567E+04
    0.12429E-02    0.46402E+04
    0.12680E-02    0.47251E+04
    0.12936E-02    0.48114E+04
    0.13197E-02    0.48992E+04
    0.13464E-02    0.49884E+04
    0.13736E-02    0.50790E+04
    0.14013E-02    0.51711E+04
    0.14296E-02    0.52647E+04
    0.14585E-02    0.53598E+04
    0.14880E-02    0.54564E+04
    0.15180E-02    0.55546E+04
    0.15487E-02    0.56543E+04
    0.15800E-02    0.57556E+04
    0.16119E-02    0.58584E+04
    0.16445E-02    0.59629E+04
    0.16777E-02    0.60690E+04
    0.17116E-02    0.61767E+04
    0.17462E-02    0.62860E+04
    0.17814E-02    0.63970E+04
    0.18174E-02    0.65096E+04
    0.18541E-02    0.66240E+04
    0.18916E-02    0.67400E+04
    0.19298E-02    0.68577E+04
    0.19688E-02    0.69771E+04
    0.20086E-02    0.70982E+04
    0.20491E-02    0.72211E+04
    0.20905E-02    0.73457E+04
    0.21328E-02    0.74720E+04
    0.21758E-02    0.76001E+04
    0.22198E-02    0.77299E+04
    0.22646E-02    0.78615E+04
    0.23104E-02    0.79949E+04
    0.23571E-02    0.81300E+04
    0.24047E-02    0.82669E+04
    0.24533E-02    0.84056E+04
    0.25028E-02    0.85461E+04
    0.25534E-02    0.86883E+04
    0.26050E-02    0.88323E+04
    0.26576E-02    0.89781E+04
    0.27113E-02    0.91256E+04
    0.27660E-02    0.92749E+04
    0.28219E-02    0.94259E+04
    0.28789E-02    0.95787E+04
    0.29371E-02    0.97332E+04
    0.29964E-02    0.98894E+04
    0.30569E-02    0.10047E+05
    0.31187E-02    0.10207E+05
    0.31817E-02    0.10368E+05
    0.32460E-02    0.10531E+05
    0.33115E-02    0.10696E+05
    0.33784E-02    0.10862E+05
    0.34467E-02    0.11030E+05
    0.35163E-02    0.11199E+05
    0.35874E-02    0.11370E+05
    0.36598E-02    0.11543E+05
    0.37338E-02    0.11717E+05
    0.38092E-02    0.11892E+05
    0.38861E-02    0.12069E+05
    0.39646E-02    0.12247E+05
    0.40447E-02    0.12427E+05
    0.41264E-02    0.12608E+05
    0.42098E-02    0.12790E+05
    0.42948E-02    0.12973E+05
    0.43816E-02    0.13157E+05
    0.44701E-02    0.13343E+05
    0.45604E-02    0.13530E+05
    0.46525E-02    0.13717E+05
    0.47465E-02    0.13906E+05
    0.48424E-02    0.14095E+05
    0.49402E-02    0.14285E+05
    0.50400E-02    0.14476E+05
    0.51419E-02    0.14667E+05
    0.52457E-02    0.14859E+05
    0.53517E-02    0.15051E+05
    0.54598E-02    0.15244E+05
    0.55701E-02    0.15437E+05
    0.56826E-02    0.15631E+05
    0.57974E-02    0.15824E+05
    0.59145E-02    0.16017E+05
    0.60340E-02    0.16211E+05
    0.61559E-02    0.16404E+05
    0.62803E-02    0.16597E+05
    0.64072E-02    0.16789E+05
    0.65366E-02    0.16981E+05
    0.66686E-02    0.17172E+05
    0.68033E-02    0.17362E+05
    0.69408E-02    0.17552E+05
    0.70810E-02    0.17740E+05
    0.72240E-02    0.17927E+05
    0.73700E-02    0.18113E+05
    0.75189E-02    0.18297E+05
    0.76708E-02    0.18480E+05
    0.78257E-02    0.18660E+05
    0.79838E-02    0.18839E+05
    0.81451E-02    0.19016E+05
    0.83096E-02    0.19190E+05
    0.84775E-02    0.19362E+05
    0.86488E-02    0.19531E+05
    0.88235E-02    0.19697E+05
    0.90017E-02    0.19860E+05
    0.91836E-02    0.20020E+05
    0.93691E-02    0.20177E+05
    0.95583E-02    0.20329E+05
    0.97514E-02    0.20478E+05
    0.99484E-02    0.20623E+05
    0.10149E-01    0.20763E+05
    0.10354E-01    0.20900E+05
    0.10564E-01    0.21031E+05
    0.10777E-01    0.21157E+05
    0.10995E-01    0.21278E+05
    0.11217E-01    0.21394E+05
    0.11443E-01    0.21503E+05
    0.11675E-01    0.21607E+05
    0.11910E-01    0.21705E+05
    0.12151E-01    0.21796E+05
    0.12397E-01    0.21882E+05
    0.12647E-01    0.21960E+05
    0.12902E-01    0.22032E+05
    0.13163E-01    0.22096E+05
    0.13429E-01    0.22151E+05
    0.13700E-01    0.22198E+05
    0.13977E-01    0.22235E+05
    0.14259E-01    0.22264E+05
    0.14547E-01    0.22284E+05
    0.14841E-01    0.22299E+05
    0.15141E-01    0.22309E+05
    0.15447E-01    0.22316E+05
    0.15759E-01    0.22317E+05
    0.16077E-01    0.22310E+05
    0.16402E-01    0.22293E+05
    0.16734E-01    0.22263E+05
    0.17072E-01    0.22217E+05
    0.17416E-01    0.22157E+05
    0.17768E-01    0.22085E+05
    0.18127E-01    0.22000E+05
    0.18493E-01    0.21907E+05
    0.18867E-01    0.21804E+05
    0.19248E-01    0.21692E+05
    0.19637E-01    0.21569E+05
    0.20034E-01    0.21433E+05
    0.20438E-01    0.21283E+05
    0.20851E-01    0.21118E+05
    0.21272E-01    0.20939E+05
    0.21702E-01    0.20748E+05
    0.22141E-01    0.20547E+05
    0.22588E-01    0.20337E+05
    0.23044E-01    0.20121E+05
    0.23510E-01    0.19899E+05
    0.23985E-01    0.19669E+05
    0.24469E-01    0.19434E+05
    0.24964E-01    0.19191E+05
    0.25468E-01    0.18942E+05
    0.25982E-01    0.18686E+05
    0.26507E-01    0.18422E+05
    0.27043E-01    0.18152E+05
    0.27589E-01    0.17874E+05
    0.28146E-01    0.17588E+05
    0.28715E-01    0.17296E+05
    0.29295E-01    0.16999E+05
    0.29887E-01    0.16696E+05
    0.30490E-01    0.16391E+05
    0.31106E-01    0.16082E+05
    0.31735E-01    0.15772E+05
    0.32376E-01    0.15462E+05
    0.33030E-01    0.15153E+05
    0.33697E-01    0.14846E+05
    0.34378E-01    0.14542E+05
    0.35072E-01    0.14242E+05
    0.35781E-01    0.13946E+05
    0.36504E-01    0.13655E+05
    0.37241E-01    0.13370E+05
    0.37993E-01    0.13091E+05
    0.38761E-01    0.12818E+05
    0.39544E-01    0.12552E+05
    0.40343E-01    0.12294E+05
    0.41158E-01    0.12043E+05
    0.41989E-01    0.11801E+05
    0.42838E-01    0.11567E+05
    0.43703E-01    0.11344E+05
    0.44586E-01    0.11131E+05
    0.45486E-01    0.10930E+05
    0.46405E-01    0.10739E+05
    0.47343E-01    0.10559E+05
    0.48299E-01    0.10389E+05
    0.49275E-01    0.10226E+05
    0.50270E-01    0.10072E+05
    0.51286E-01    0.99244E+04
    0.52322E-01    0.97833E+04
    0.53379E-01    0.96479E+04
    0.54457E-01    0.95175E+04
    0.55557E-01    0.93905E+04
    0.56680E-01    0.92656E+04
    0.57825E-01    0.91413E+04
    0.58993E-01    0.90166E+04
    0.60184E-01    0.88901E+04
    0.61400E-01    0.87608E+04
    0.62641E-01    0.86277E+04
    0.63906E-01    0.84886E+04
    0.65197E-01    0.83416E+04
    0.66514E-01    0.81851E+04
    0.67858E-01    0.80204E+04
    0.69229E-01    0.78497E+04
    0.70627E-01    0.76749E+04
    0.72054E-01    0.74933E+04
    0.73510E-01    0.73003E+04
    0.74994E-01    0.70930E+04
    0.76509E-01    0.68742E+04
    0.78055E-01    0.66485E+04
    0.79632E-01    0.64196E+04
    0.81241E-01    0.61890E+04
    0.82882E-01    0.59581E+04
    0.84556E-01    0.57292E+04
    0.86264E-01    0.55047E+04
    0.88007E-01    0.52872E+04
    0.89785E-01    0.50790E+04
    0.91598E-01    0.48823E+04
    0.93449E-01    0.46988E+04
    0.95337E-01    0.45299E+04
    0.97263E-01    0.43769E+04
    0.99227E-01    0.42401E+04
    0.10123E+00    0.41191E+04
    0.10328E+00    0.40134E+04
    0.10536E+00    0.39213E+04
    0.10749E+00    0.38409E+04
    0.10966E+00    0.37699E+04
    0.11188E+00    0.37055E+04
    0.11414E+00    0.36448E+04
    0.11644E+00    0.35845E+04
    0.11880E+00    0.35218E+04
    0.12120E+00    0.34536E+04
    0.12365E+00    0.33776E+04
    0.12614E+00    0.32923E+04
    0.12869E+00    0.31969E+04
    0.13129E+00    0.30917E+04
    0.13394E+00    0.29780E+04
    0.13665E+00    0.28577E+04
    0.13941E+00    0.27334E+04
    0.14223E+00    0.26079E+04
    0.14510E+00    0.24845E+04
    0.14803E+00    0.23667E+04
    0.15102E+00    0.22578E+04
    0.15407E+00    0.21604E+04
    0.15718E+00    0.20760E+04
    0.16036E+00    0.20047E+04
    0.16360E+00    0.19452E+04
    0.16690E+00    0.18953E+04
    0.17028E+00    0.18524E+04
    0.17371E+00    0.18137E+04
    0.17722E+00    0.17761E+04
    0.18080E+00    0.17362E+04
    0.18446E+00    0.16913E+04
    0.18818E+00    0.16395E+04
    0.19198E+00    0.15804E+04
    0.19586E+00    0.15154E+04
    0.19982E+00    0.14471E+04
    0.20386E+00    0.13783E+04
    0.20797E+00    0.13118E+04
    0.21218E+00    0.12503E+04
    0.21646E+00    0.11957E+04
    0.22083E+00    0.11492E+04
    0.22530E+00    0.11103E+04
    0.22985E+00    0.10775E+04
    0.23449E+00    0.10484E+04
    0.23923E+00    0.10204E+04
    0.24406E+00    0.99093E+03
    0.24899E+00    0.95829E+03
    0.25402E+00    0.92202E+03
    0.25915E+00    0.88297E+03
    0.26439E+00    0.84284E+03
    0.26973E+00    0.80366E+03
    0.27518E+00    0.76730E+03
    0.28074E+00    0.73503E+03
    0.28641E+00    0.70718E+03
    0.29219E+00    0.68292E+03
    0.29810E+00    0.66073E+03
    0.30412E+00    0.63896E+03
    0.31026E+00    0.61635E+03
    0.31653E+00    0.59232E+03
    0.32292E+00    0.56717E+03
    0.32945E+00    0.54202E+03
    0.33610E+00    0.51810E+03
    0.34289E+00    0.49618E+03
    0.34982E+00    0.47649E+03
    0.35689E+00    0.45868E+03
    0.36409E+00    0.44186E+03
    0.37145E+00    0.42516E+03
    0.37895E+00    0.40817E+03
    0.38661E+00    0.39097E+03
    0.39442E+00    0.37405E+03
    0.40239E+00    0.35801E+03
    0.41052E+00    0.34314E+03
    0.41881E+00    0.32939E+03
    0.42727E+00    0.31638E+03
    0.43590E+00    0.30368E+03
    0.44471E+00    0.29110E+03
    0.45369E+00    0.27871E+03
    0.46286E+00    0.26676E+03
    0.47221E+00    0.25548E+03
    0.48174E+00    0.24485E+03
    0.49148E+00    0.23475E+03
    0.50141E+00    0.22497E+03
    0.51153E+00    0.21544E+03
    0.52187E+00    0.20619E+03
    0.53241E+00    0.19736E+03
    0.54317E+00    0.18895E+03
    0.55414E+00    0.18092E+03
    0.56533E+00    0.17319E+03
    0.57675E+00    0.16576E+03
    0.58840E+00    0.15862E+03
    0.60029E+00    0.15177E+03
    0.61242E+00    0.14521E+03
    0.62479E+00    0.13892E+03
    0.63741E+00    0.13289E+03
    0.65029E+00    0.12710E+03
    0.66342E+00    0.12156E+03
    0.67683E+00    0.11625E+03
    0.69050E+00    0.11116E+03
    0.70445E+00    0.10628E+03
    0.71868E+00    0.10161E+03
    0.73320E+00    0.97132E+02
    0.74801E+00    0.92842E+02
    0.76312E+00    0.88732E+02
    0.77854E+00    0.84796E+02
    0.79426E+00    0.81027E+02
    0.81031E+00    0.77418E+02
    0.82668E+00    0.73962E+02
    0.84338E+00    0.70655E+02
    0.86041E+00    0.67489E+02
    0.87780E+00    0.64459E+02
    0.89553E+00    0.61561E+02
    0.91362E+00    0.58787E+02
    0.93208E+00    0.56134E+02
    0.95091E+00    0.53596E+02
    0.97011E+00    0.51168E+02
    0.98971E+00    0.48846E+02
    0.10097E+01    0.46626E+02
    0.10301E+01    0.44503E+02
    0.10509E+01    0.42474E+02
    0.10721E+01    0.40533E+02
    0.10938E+01    0.38678E+02
    0.11159E+01    0.36906E+02
    0.11384E+01    0.35211E+02
    0.11614E+01    0.33592E+02
    0.11849E+01    0.32045E+02
    0.12088E+01    0.30566E+02
    0.12333E+01    0.29154E+02
    0.12582E+01    0.27805E+02
    0.12836E+01    0.26516E+02
    0.13095E+01    0.25285E+02
    0.13360E+01    0.24110E+02
    0.13630E+01    0.22987E+02
    0.13905E+01    0.21915E+02
    0.14186E+01    0.20892E+02
    0.14472E+01    0.19915E+02
    0.14765E+01    0.18983E+02
    0.15063E+01    0.18092E+02
    0.15367E+01    0.17243E+02
    0.15678E+01    0.16432E+02
    0.15994E+01    0.15658E+02
    0.16318E+01    0.14920E+02
    0.16647E+01    0.14215E+02
    0.16984E+01    0.13543E+02
    0.17327E+01    0.12902E+02
    0.17677E+01    0.12291E+02
    0.18034E+01    0.11707E+02
    0.18398E+01    0.11151E+02
    0.18770E+01    0.10620E+02
    0.19149E+01    0.10114E+02
    0.19536E+01    0.96318E+01
    0.19930E+01    0.91718E+01
    0.20333E+01    0.87332E+01
    0.20744E+01    0.83151E+01
    0.21163E+01    0.79166E+01
    0.21590E+01    0.75367E+01
    0.22026E+01    0.71746E+01
    0.22471E+01    0.68295E+01
    0.22925E+01    0.65007E+01
    0.23388E+01    0.61873E+01
    0.23861E+01    0.58887E+01
    0.24343E+01    0.56042E+01
    0.24835E+01    0.53331E+01
    0.25336E+01    0.50749E+01
    0.25848E+01    0.48289E+01
    0.26370E+01    0.45946E+01
    0.26903E+01    0.43714E+01
    0.27447E+01    0.41588E+01
    0.28001E+01    0.39564E+01
    0.28567E+01    0.37636E+01
    0.29144E+01    0.35800E+01
    0.29733E+01    0.34052E+01
    0.30333E+01    0.32388E+01
    0.30946E+01    0.30803E+01
    0.31571E+01    0.29295E+01
    0.32209E+01    0.27859E+01
    0.32860E+01    0.26492E+01
    0.33523E+01    0.25191E+01
    0.34201E+01    0.23953E+01
    0.34892E+01    0.22774E+01
    0.35596E+01    0.21652E+01
    0.36316E+01    0.20585E+01
    0.37049E+01    0.19569E+01
    0.37798E+01    0.18603E+01
    0.38561E+01    0.17683E+01
    0.39340E+01    0.16809E+01
    0.40135E+01    0.15976E+01
    0.40946E+01    0.15184E+01
    0.41773E+01    0.14431E+01
    0.42617E+01    0.13715E+01
    0.43478E+01    0.13033E+01
    0.44356E+01    0.12385E+01
    0.45252E+01    0.11769E+01
    0.46166E+01    0.11183E+01
    0.47099E+01    0.10625E+01
    0.48050E+01    0.10095E+01
    0.49021E+01    0.95909E+00
    0.50011E+01    0.91116E+00
    0.51021E+01    0.86559E+00
    0.52052E+01    0.82226E+00
    0.53104E+01    0.78107E+00
    0.54176E+01    0.74192E+00
    0.55271E+01    0.70470E+00
    0.56387E+01    0.66932E+00
    0.57526E+01    0.63569E+00
    0.58689E+01    0.60372E+00
    0.59874E+01    0.57334E+00
    0.61084E+01    0.54447E+00
    0.62318E+01    0.51703E+00
    0.63577E+01    0.49096E+00
    0.64861E+01    0.46618E+00
    0.66171E+01    0.44264E+00
    0.67508E+01    0.42027E+00
    0.68872E+01    0.39901E+00
    0.70263E+01    0.37882E+00
    0.71682E+01    0.35964E+00
    0.73130E+01    0.34141E+00
    0.74608E+01    0.32410E+00
    0.76115E+01    0.30765E+00
    0.77653E+01    0.29203E+00
    0.79221E+01    0.27719E+00
    0.80822E+01    0.26309E+00
    0.82454E+01    0.24971E+00
    0.84120E+01    0.23699E+00
    0.85819E+01    0.22492E+00
    0.87553E+01    0.21345E+00
    0.89322E+01    0.20256E+00
    0.91126E+01    0.19222E+00
    0.92967E+01    0.18240E+00
    0.94845E+01    0.17308E+00
    0.96761E+01    0.16423E+00
    0.98716E+01    0.15583E+00
    0.10071E+02    0.14785E+00
    0.10274E+02    0.14027E+00
    0.10482E+02    0.13308E+00
    0.10694E+02    0.12626E+00
    0.10910E+02    0.11978E+00
    0.11130E+02    0.11362E+00
    0.11355E+02    0.10779E+00
    0.11584E+02    0.10224E+00
    0.11818E+02    0.96984E-01
    0.12057E+02    0.91992E-01
    0.12301E+02    0.87254E-01
    0.12549E+02    0.82757E-01
    0.12803E+02    0.78490E-01
    0.13061E+02    0.74441E-01
    0.13325E+02    0.70598E-01
    0.13594E+02    0.66952E-01
    0.13869E+02    0.63492E-01
    0.14149E+02    0.60209E-01
    0.14435E+02    0.57094E-01
    0.14727E+02    0.54139E-01
    0.15024E+02    0.51335E-01
    0.15328E+02    0.48675E-01
    0.15637E+02    0.46151E-01
    0.15953E+02    0.43758E-01
    0.16275E+02    0.41487E-01
    0.16604E+02    0.39332E-01
    0.16940E+02    0.37289E-01
    0.17282E+02    0.35351E-01
    0.17631E+02    0.33512E-01
    0.17987E+02    0.31768E-01
    0.18351E+02    0.30115E-01
    0.18721E+02    0.28546E-01
    0.19099E+02    0.27058E-01
    0.19485E+02    0.25648E-01
    0.19879E+02    0.24310E-01
    0.20280E+02    0.23041E-01
    0.20690E+02    0.21838E-01
    0.21108E+02    0.20697E-01
    0.21535E+02    0.19615E-01
    0.21970E+02    0.18589E-01
    0.22413E+02    0.17617E-01
    0.22866E+02    0.16695E-01
    0.23328E+02    0.15820E-01
    0.23799E+02    0.14991E-01
    0.24280E+02    0.14205E-01
    0.24771E+02    0.13460E-01
    0.25271E+02    0.12754E-01
    0.25782E+02    0.12084E-01
    0.26302E+02    0.11450E-01
    0.26834E+02    0.10848E-01
    0.27376E+02    0.10277E-01
    0.27929E+02    0.97368E-02
    0.28493E+02    0.92244E-02
    0.29069E+02    0.87387E-02
    0.29656E+02    0.82783E-02
    0.30255E+02    0.78420E-02
    0.30866E+02    0.74284E-02
    0.31490E+02    0.70365E-02
    0.32126E+02    0.66651E-02
    0.32775E+02    0.63131E-02
    0.33437E+02    0.59795E-02
    0.34112E+02    0.56634E-02
    0.34801E+02    0.53638E-02
    0.35504E+02    0.50800E-02
    0.36222E+02    0.48110E-02
    0.36953E+02    0.45562E-02
    0.37700E+02    0.43147E-02
    0.38462E+02    0.40860E-02
    0.39239E+02    0.38692E-02
    0.40031E+02    0.36639E-02
    0.40840E+02    0.34693E-02
    0.41665E+02    0.32850E-02
    0.42507E+02    0.31104E-02
    0.43365E+02    0.29450E-02
    0.44241E+02    0.27883E-02
    0.45135E+02    0.26398E-02
    0.46047E+02    0.24992E-02
    0.46977E+02    0.23659E-02
    0.47926E+02    0.22397E-02
    0.48894E+02    0.21201E-02
    0.49882E+02    0.20068E-02
    0.50890E+02    0.18995E-02
    0.51918E+02    0.17979E-02
    0.52966E+02    0.17017E-02
    0.54036E+02    0.16106E-02
    0.55128E+02    0.15243E-02
    0.56242E+02    0.14427E-02
    0.57378E+02    0.13654E-02
    0.58537E+02    0.12922E-02
