    0.10000E-03    0.56648E+03
    0.10202E-03    0.57745E+03
    0.10408E-03    0.58864E+03
    0.10618E-03    0.60004E+03
    0.10833E-03    0.61167E+03
    0.11052E-03    0.62352E+03
    0.11275E-03    0.63560E+03
    0.11503E-03    0.64791E+03
    0.11735E-03    0.66046E+03
    0.11972E-03    0.67325E+03
    0.12214E-03    0.68629E+03
    0.12461E-03    0.69958E+03
    0.12712E-03    0.71313E+03
    0.12969E-03    0.72694E+03
    0.13231E-03    0.74102E+03
    0.13499E-03    0.75537E+03
    0.13771E-03    0.76999E+03
    0.14049E-03    0.78490E+03
    0.14333E-03    0.80010E+03
    0.14623E-03    0.81559E+03
    0.14918E-03    0.83138E+03
    0.15220E-03    0.84747E+03
    0.15527E-03    0.86388E+03
    0.15841E-03    0.88060E+03
    0.16161E-03    0.89764E+03
    0.16487E-03    0.91502E+03
    0.16820E-03    0.93273E+03
    0.17160E-03    0.95078E+03
    0.17507E-03    0.96917E+03
    0.17860E-03    0.98793E+03
    0.18221E-03    0.10070E+04
    0.18589E-03    0.10265E+04
    0.18965E-03    0.10464E+04
    0.19348E-03    0.10666E+04
    0.19739E-03    0.10872E+04
    0.20138E-03    0.11083E+04
    0.20544E-03    0.11297E+04
    0.20959E-03    0.11515E+04
    0.21383E-03    0.11738E+04
    0.21815E-03    0.11965E+04
    0.22255E-03    0.12196E+04
    0.22705E-03    0.12432E+04
    0.23164E-03    0.12672E+04
    0.23632E-03    0.12917E+04
    0.24109E-03    0.13167E+04
    0.24596E-03    0.13421E+04
    0.25093E-03    0.13680E+04
    0.25600E-03    0.13944E+04
    0.26117E-03    0.14214E+04
    0.26645E-03    0.14488E+04
    0.27183E-03    0.14768E+04
    0.27732E-03    0.15053E+04
    0.28292E-03    0.15343E+04
    0.28864E-03    0.15639E+04
    0.29447E-03    0.15941E+04
    0.30042E-03    0.16248E+04
    0.30649E-03    0.16562E+04
    0.31268E-03    0.16881E+04
    0.31899E-03    0.17206E+04
    0.32544E-03    0.17538E+04
    0.33201E-03    0.17876E+04
    0.33872E-03    0.18220E+04
    0.34556E-03    0.18571E+04
    0.35254E-03    0.18928E+04
    0.35966E-03    0.19293E+04
    0.36693E-03    0.19664E+04
    0.37434E-03    0.20042E+04
    0.38190E-03    0.20427E+04
    0.38962E-03    0.20820E+04
    0.39749E-03    0.21220E+04
    0.40552E-03    0.21628E+04
    0.41371E-03    0.22043E+04
    0.42207E-03    0.22466E+04
    0.43060E-03    0.22897E+04
    0.43929E-03    0.23337E+04
    0.44817E-03    0.23784E+04
    0.45722E-03    0.24240E+04
    0.46646E-03    0.24705E+04
    0.47588E-03    0.25178E+04
    0.48550E-03    0.25660E+04
    0.49530E-03    0.26151E+04
    0.50531E-03    0.26651E+04
    0.51552E-03    0.27160E+04
    0.52593E-03    0.27679E+04
    0.53656E-03    0.28208E+04
    0.54739E-03    0.28746E+04
    0.55845E-03    0.29295E+04
    0.56973E-03    0.29853E+04
    0.58124E-03    0.30422E+04
    0.59299E-03    0.31002E+04
    0.60496E-03    0.31592E+04
    0.61719E-03    0.32193E+04
    0.62965E-03    0.32805E+04
    0.64237E-03    0.33428E+04
    0.65535E-03    0.34062E+04
    0.66859E-03    0.34709E+04
    0.68210E-03    0.35367E+04
    0.69588E-03    0.36036E+04
    0.70993E-03    0.36719E+04
    0.72427E-03    0.37413E+04
    0.73891E-03    0.38120E+04
    0.75383E-03    0.38840E+04
    0.76906E-03    0.39572E+04
    0.78460E-03    0.40318E+04
    0.80045E-03    0.41078E+04
    0.81662E-03    0.41851E+04
    0.83311E-03    0.42637E+04
    0.84994E-03    0.43438E+04
    0.86711E-03    0.44253E+04
    0.88463E-03    0.45082E+04
    0.90250E-03    0.45926E+04
    0.92073E-03    0.46785E+04
    0.93933E-03    0.47659E+04
    0.95831E-03    0.48548E+04
    0.97767E-03    0.49453E+04
    0.99742E-03    0.50374E+04
    0.10176E-02    0.51310E+04
    0.10381E-02    0.52263E+04
    0.10591E-02    0.53232E+04
    0.10805E-02    0.54218E+04
    0.11023E-02    0.55220E+04
    0.11246E-02    0.56240E+04
    0.11473E-02    0.57277E+04
    0.11705E-02    0.58332E+04
    0.11941E-02    0.59404E+04
    0.12182E-02    0.60495E+04
    0.12429E-02    0.61604E+04
    0.12680E-02    0.62731E+04
    0.12936E-02    0.63876E+04
    0.13197E-02    0.65041E+04
    0.13464E-02    0.66225E+04
    0.13736E-02    0.67428E+04
    0.14013E-02    0.68651E+04
    0.14296E-02    0.69894E+04
    0.14585E-02    0.71156E+04
    0.14880E-02    0.72439E+04
    0.15180E-02    0.73742E+04
    0.15487E-02    0.75066E+04
    0.15800E-02    0.76410E+04
    0.16119E-02    0.77776E+04
    0.16445E-02    0.79162E+04
    0.16777E-02    0.80571E+04
    0.17116E-02    0.82000E+04
    0.17462E-02    0.83452E+04
    0.17814E-02    0.84925E+04
    0.18174E-02    0.86420E+04
    0.18541E-02    0.87938E+04
    0.18916E-02    0.89478E+04
    0.19298E-02    0.91041E+04
    0.19688E-02    0.92626E+04
    0.20086E-02    0.94234E+04
    0.20491E-02    0.95865E+04
    0.20905E-02    0.97519E+04
    0.21328E-02    0.99196E+04
    0.21758E-02    0.10090E+05
    0.22198E-02    0.10262E+05
    0.22646E-02    0.10437E+05
    0.23104E-02    0.10614E+05
    0.23571E-02    0.10793E+05
    0.24047E-02    0.10975E+05
    0.24533E-02    0.11159E+05
    0.25028E-02    0.11345E+05
    0.25534E-02    0.11534E+05
    0.26050E-02    0.11725E+05
    0.26576E-02    0.11919E+05
    0.27113E-02    0.12115E+05
    0.27660E-02    0.12313E+05
    0.28219E-02    0.12513E+05
    0.28789E-02    0.12716E+05
    0.29371E-02    0.12921E+05
    0.29964E-02    0.13129E+05
    0.30569E-02    0.13338E+05
    0.31187E-02    0.13550E+05
    0.31817E-02    0.13765E+05
    0.32460E-02    0.13981E+05
    0.33115E-02    0.14199E+05
    0.33784E-02    0.14420E+05
    0.34467E-02    0.14643E+05
    0.35163E-02    0.14868E+05
    0.35874E-02    0.15095E+05
    0.36598E-02    0.15324E+05
    0.37338E-02    0.15555E+05
    0.38092E-02    0.15788E+05
    0.38861E-02    0.16022E+05
    0.39646E-02    0.16259E+05
    0.40447E-02    0.16497E+05
    0.41264E-02    0.16737E+05
    0.42098E-02    0.16979E+05
    0.42948E-02    0.17222E+05
    0.43816E-02    0.17467E+05
    0.44701E-02    0.17714E+05
    0.45604E-02    0.17961E+05
    0.46525E-02    0.18210E+05
    0.47465E-02    0.18460E+05
    0.48424E-02    0.18712E+05
    0.49402E-02    0.18964E+05
    0.50400E-02    0.19217E+05
    0.51419E-02    0.19471E+05
    0.52457E-02    0.19726E+05
    0.53517E-02    0.19982E+05
    0.54598E-02    0.20238E+05
    0.55701E-02    0.20494E+05
    0.56826E-02    0.20751E+05
    0.57974E-02    0.21007E+05
    0.59145E-02    0.21264E+05
    0.60340E-02    0.21521E+05
    0.61559E-02    0.21777E+05
    0.62803E-02    0.22033E+05
    0.64072E-02    0.22288E+05
    0.65366E-02    0.22543E+05
    0.66686E-02    0.22797E+05
    0.68033E-02    0.23050E+05
    0.69408E-02    0.23301E+05
    0.70810E-02    0.23551E+05
    0.72240E-02    0.23799E+05
    0.73700E-02    0.24046E+05
    0.75189E-02    0.24291E+05
    0.76708E-02    0.24533E+05
    0.78257E-02    0.24773E+05
    0.79838E-02    0.25010E+05
    0.81451E-02    0.25245E+05
    0.83096E-02    0.25476E+05
    0.84775E-02    0.25704E+05
    0.86488E-02    0.25928E+05
    0.88235E-02    0.26149E+05
    0.90017E-02    0.26366E+05
    0.91836E-02    0.26578E+05
    0.93691E-02    0.26786E+05
    0.95583E-02    0.26988E+05
    0.97514E-02    0.27186E+05
    0.99484E-02    0.27378E+05
    0.10149E-01    0.27565E+05
    0.10354E-01    0.27745E+05
    0.10564E-01    0.27920E+05
    0.10777E-01    0.28087E+05
    0.10995E-01    0.28248E+05
    0.11217E-01    0.28401E+05
    0.11443E-01    0.28547E+05
    0.11675E-01    0.28685E+05
    0.11910E-01    0.28815E+05
    0.12151E-01    0.28936E+05
    0.12397E-01    0.29049E+05
    0.12647E-01    0.29153E+05
    0.12902E-01    0.29248E+05
    0.13163E-01    0.29333E+05
    0.13429E-01    0.29407E+05
    0.13700E-01    0.29469E+05
    0.13977E-01    0.29518E+05
    0.14259E-01    0.29556E+05
    0.14547E-01    0.29584E+05
    0.14841E-01    0.29603E+05
    0.15141E-01    0.29617E+05
    0.15447E-01    0.29625E+05
    0.15759E-01    0.29627E+05
    0.16077E-01    0.29618E+05
    0.16402E-01    0.29595E+05
    0.16734E-01    0.29555E+05
    0.17072E-01    0.29495E+05
    0.17416E-01    0.29415E+05
    0.17768E-01    0.29319E+05
    0.18127E-01    0.29207E+05
    0.18493E-01    0.29082E+05
    0.18867E-01    0.28946E+05
    0.19248E-01    0.28797E+05
    0.19637E-01    0.28634E+05
    0.20034E-01    0.28454E+05
    0.20438E-01    0.28255E+05
    0.20851E-01    0.28035E+05
    0.21272E-01    0.27798E+05
    0.21702E-01    0.27544E+05
    0.22141E-01    0.27277E+05
    0.22588E-01    0.26999E+05
    0.23044E-01    0.26712E+05
    0.23510E-01    0.26417E+05
    0.23985E-01    0.26112E+05
    0.24469E-01    0.25799E+05
    0.24964E-01    0.25477E+05
    0.25468E-01    0.25146E+05
    0.25982E-01    0.24806E+05
    0.26507E-01    0.24457E+05
    0.27043E-01    0.24098E+05
    0.27589E-01    0.23728E+05
    0.28146E-01    0.23349E+05
    0.28715E-01    0.22962E+05
    0.29295E-01    0.22566E+05
    0.29887E-01    0.22165E+05
    0.30490E-01    0.21759E+05
    0.31106E-01    0.21350E+05
    0.31735E-01    0.20938E+05
    0.32376E-01    0.20527E+05
    0.33030E-01    0.20116E+05
    0.33697E-01    0.19709E+05
    0.34378E-01    0.19305E+05
    0.35072E-01    0.18907E+05
    0.35781E-01    0.18514E+05
    0.36504E-01    0.18128E+05
    0.37241E-01    0.17749E+05
    0.37993E-01    0.17379E+05
    0.38761E-01    0.17017E+05
    0.39544E-01    0.16664E+05
    0.40343E-01    0.16321E+05
    0.41158E-01    0.15988E+05
    0.41989E-01    0.15666E+05
    0.42838E-01    0.15356E+05
    0.43703E-01    0.15060E+05
    0.44586E-01    0.14777E+05
    0.45486E-01    0.14510E+05
    0.46405E-01    0.14257E+05
    0.47343E-01    0.14018E+05
    0.48299E-01    0.13791E+05
    0.49275E-01    0.13576E+05
    0.50270E-01    0.13371E+05
    0.51286E-01    0.13175E+05
    0.52322E-01    0.12988E+05
    0.53379E-01    0.12808E+05
    0.54457E-01    0.12635E+05
    0.55557E-01    0.12466E+05
    0.56680E-01    0.12301E+05
    0.57825E-01    0.12136E+05
    0.58993E-01    0.11970E+05
    0.60184E-01    0.11802E+05
    0.61400E-01    0.11630E+05
    0.62641E-01    0.11454E+05
    0.63906E-01    0.11269E+05
    0.65197E-01    0.11074E+05
    0.66514E-01    0.10866E+05
    0.67858E-01    0.10647E+05
    0.69229E-01    0.10421E+05
    0.70627E-01    0.10189E+05
    0.72054E-01    0.99477E+04
    0.73510E-01    0.96916E+04
    0.74994E-01    0.94164E+04
    0.76509E-01    0.91259E+04
    0.78055E-01    0.88263E+04
    0.79632E-01    0.85223E+04
    0.81241E-01    0.82162E+04
    0.82882E-01    0.79098E+04
    0.84556E-01    0.76058E+04
    0.86264E-01    0.73078E+04
    0.88007E-01    0.70190E+04
    0.89785E-01    0.67427E+04
    0.91598E-01    0.64815E+04
    0.93449E-01    0.62379E+04
    0.95337E-01    0.60137E+04
    0.97263E-01    0.58106E+04
    0.99227E-01    0.56290E+04
    0.10123E+00    0.54683E+04
    0.10328E+00    0.53280E+04
    0.10536E+00    0.52057E+04
    0.10749E+00    0.50990E+04
    0.10966E+00    0.50048E+04
    0.11188E+00    0.49193E+04
    0.11414E+00    0.48386E+04
    0.11644E+00    0.47587E+04
    0.11880E+00    0.46753E+04
    0.12120E+00    0.45848E+04
    0.12365E+00    0.44840E+04
    0.12614E+00    0.43707E+04
    0.12869E+00    0.42440E+04
    0.13129E+00    0.41044E+04
    0.13394E+00    0.39535E+04
    0.13665E+00    0.37938E+04
    0.13941E+00    0.36287E+04
    0.14223E+00    0.34621E+04
    0.14510E+00    0.32983E+04
    0.14803E+00    0.31419E+04
    0.15102E+00    0.29973E+04
    0.15407E+00    0.28681E+04
    0.15718E+00    0.27560E+04
    0.16036E+00    0.26613E+04
    0.16360E+00    0.25823E+04
    0.16690E+00    0.25161E+04
    0.17028E+00    0.24592E+04
    0.17371E+00    0.24078E+04
    0.17722E+00    0.23578E+04
    0.18080E+00    0.23049E+04
    0.18446E+00    0.22453E+04
    0.18818E+00    0.21765E+04
    0.19198E+00    0.20980E+04
    0.19586E+00    0.20118E+04
    0.19982E+00    0.19211E+04
    0.20386E+00    0.18297E+04
    0.20797E+00    0.17415E+04
    0.21218E+00    0.16598E+04
    0.21646E+00    0.15874E+04
    0.22083E+00    0.15256E+04
    0.22530E+00    0.14740E+04
    0.22985E+00    0.14305E+04
    0.23449E+00    0.13919E+04
    0.23923E+00    0.13546E+04
    0.24406E+00    0.13155E+04
    0.24899E+00    0.12722E+04
    0.25402E+00    0.12240E+04
    0.25915E+00    0.11722E+04
    0.26439E+00    0.11189E+04
    0.26973E+00    0.10669E+04
    0.27518E+00    0.10186E+04
    0.28074E+00    0.97579E+03
    0.28641E+00    0.93881E+03
    0.29219E+00    0.90662E+03
    0.29810E+00    0.87716E+03
    0.30412E+00    0.84825E+03
    0.31026E+00    0.81823E+03
    0.31653E+00    0.78633E+03
    0.32292E+00    0.75295E+03
    0.32945E+00    0.71956E+03
    0.33610E+00    0.68780E+03
    0.34289E+00    0.65871E+03
    0.34982E+00    0.63256E+03
    0.35689E+00    0.60892E+03
    0.36409E+00    0.58660E+03
    0.37145E+00    0.56443E+03
    0.37895E+00    0.54187E+03
    0.38661E+00    0.51903E+03
    0.39442E+00    0.49657E+03
    0.40239E+00    0.47527E+03
    0.41052E+00    0.45554E+03
    0.41881E+00    0.43728E+03
    0.42727E+00    0.42001E+03
    0.43590E+00    0.40315E+03
    0.44471E+00    0.38645E+03
    0.45369E+00    0.37000E+03
    0.46286E+00    0.35414E+03
    0.47221E+00    0.33916E+03
    0.48174E+00    0.32505E+03
    0.49148E+00    0.31164E+03
    0.50141E+00    0.29865E+03
    0.51153E+00    0.28600E+03
    0.52187E+00    0.27373E+03
    0.53241E+00    0.26200E+03
    0.54317E+00    0.25084E+03
    0.55414E+00    0.24018E+03
    0.56533E+00    0.22992E+03
    0.57675E+00    0.22005E+03
    0.58840E+00    0.21058E+03
    0.60029E+00    0.20149E+03
    0.61242E+00    0.19277E+03
    0.62479E+00    0.18442E+03
    0.63741E+00    0.17641E+03
    0.65029E+00    0.16874E+03
    0.66342E+00    0.16138E+03
    0.67683E+00    0.15433E+03
    0.69050E+00    0.14757E+03
    0.70445E+00    0.14110E+03
    0.71868E+00    0.13489E+03
    0.73320E+00    0.12895E+03
    0.74801E+00    0.12325E+03
    0.76312E+00    0.11780E+03
    0.77854E+00    0.11257E+03
    0.79426E+00    0.10757E+03
    0.81031E+00    0.10278E+03
    0.82668E+00    0.98189E+02
    0.84338E+00    0.93798E+02
    0.86041E+00    0.89595E+02
    0.87780E+00    0.85573E+02
    0.89553E+00    0.81725E+02
    0.91362E+00    0.78043E+02
    0.93208E+00    0.74521E+02
    0.95091E+00    0.71151E+02
    0.97011E+00    0.67928E+02
    0.98971E+00    0.64846E+02
    0.10097E+01    0.61899E+02
    0.10301E+01    0.59081E+02
    0.10509E+01    0.56386E+02
    0.10721E+01    0.53810E+02
    0.10938E+01    0.51348E+02
    0.11159E+01    0.48994E+02
    0.11384E+01    0.46745E+02
    0.11614E+01    0.44595E+02
    0.11849E+01    0.42541E+02
    0.12088E+01    0.40578E+02
    0.12333E+01    0.38703E+02
    0.12582E+01    0.36912E+02
    0.12836E+01    0.35201E+02
    0.13095E+01    0.33567E+02
    0.13360E+01    0.32007E+02
    0.13630E+01    0.30517E+02
    0.13905E+01    0.29094E+02
    0.14186E+01    0.27735E+02
    0.14472E+01    0.26438E+02
    0.14765E+01    0.25200E+02
    0.15063E+01    0.24019E+02
    0.15367E+01    0.22891E+02
    0.15678E+01    0.21814E+02
    0.15994E+01    0.20787E+02
    0.16318E+01    0.19807E+02
    0.16647E+01    0.18872E+02
    0.16984E+01    0.17979E+02
    0.17327E+01    0.17128E+02
    0.17677E+01    0.16316E+02
    0.18034E+01    0.15542E+02
    0.18398E+01    0.14803E+02
    0.18770E+01    0.14099E+02
    0.19149E+01    0.13427E+02
    0.19536E+01    0.12787E+02
    0.19930E+01    0.12176E+02
    0.20333E+01    0.11594E+02
    0.20744E+01    0.11039E+02
    0.21163E+01    0.10510E+02
    0.21590E+01    0.10005E+02
    0.22026E+01    0.95247E+01
    0.22471E+01    0.90666E+01
    0.22925E+01    0.86300E+01
    0.23388E+01    0.82140E+01
    0.23861E+01    0.78175E+01
    0.24343E+01    0.74398E+01
    0.24835E+01    0.70800E+01
    0.25336E+01    0.67372E+01
    0.25848E+01    0.64106E+01
    0.26370E+01    0.60995E+01
    0.26903E+01    0.58033E+01
    0.27447E+01    0.55211E+01
    0.28001E+01    0.52523E+01
    0.28567E+01    0.49964E+01
    0.29144E+01    0.47527E+01
    0.29733E+01    0.45206E+01
    0.30333E+01    0.42997E+01
    0.30946E+01    0.40893E+01
    0.31571E+01    0.38891E+01
    0.32209E+01    0.36984E+01
    0.32860E+01    0.35170E+01
    0.33523E+01    0.33442E+01
    0.34201E+01    0.31798E+01
    0.34892E+01    0.30234E+01
    0.35596E+01    0.28745E+01
    0.36316E+01    0.27328E+01
    0.37049E+01    0.25979E+01
    0.37798E+01    0.24696E+01
    0.38561E+01    0.23476E+01
    0.39340E+01    0.22314E+01
    0.40135E+01    0.21209E+01
    0.40946E+01    0.20158E+01
    0.41773E+01    0.19158E+01
    0.42617E+01    0.18207E+01
    0.43478E+01    0.17302E+01
    0.44356E+01    0.16442E+01
    0.45252E+01    0.15624E+01
    0.46166E+01    0.14845E+01
    0.47099E+01    0.14105E+01
    0.48050E+01    0.13402E+01
    0.49021E+01    0.12732E+01
    0.50011E+01    0.12096E+01
    0.51021E+01    0.11491E+01
    0.52052E+01    0.10916E+01
    0.53104E+01    0.10369E+01
    0.54176E+01    0.98493E+00
    0.55271E+01    0.93552E+00
    0.56387E+01    0.88855E+00
    0.57526E+01    0.84391E+00
    0.58689E+01    0.80147E+00
    0.59874E+01    0.76114E+00
    0.61084E+01    0.72281E+00
    0.62318E+01    0.68639E+00
    0.63577E+01    0.65177E+00
    0.64861E+01    0.61888E+00
    0.66171E+01    0.58762E+00
    0.67508E+01    0.55793E+00
    0.68872E+01    0.52971E+00
    0.70263E+01    0.50290E+00
    0.71682E+01    0.47743E+00
    0.73130E+01    0.45324E+00
    0.74608E+01    0.43025E+00
    0.76115E+01    0.40842E+00
    0.77653E+01    0.38768E+00
    0.79221E+01    0.36798E+00
    0.80822E+01    0.34927E+00
    0.82454E+01    0.33150E+00
    0.84120E+01    0.31462E+00
    0.85819E+01    0.29859E+00
    0.87553E+01    0.28337E+00
    0.89322E+01    0.26891E+00
    0.91126E+01    0.25518E+00
    0.92967E+01    0.24215E+00
    0.94845E+01    0.22977E+00
    0.96761E+01    0.21802E+00
    0.98716E+01    0.20687E+00
    0.10071E+02    0.19627E+00
    0.10274E+02    0.18622E+00
    0.10482E+02    0.17667E+00
    0.10694E+02    0.16761E+00
    0.10910E+02    0.15901E+00
    0.11130E+02    0.15084E+00
    0.11355E+02    0.14309E+00
    0.11584E+02    0.13573E+00
    0.11818E+02    0.12875E+00
    0.12057E+02    0.12212E+00
    0.12301E+02    0.11583E+00
    0.12549E+02    0.10986E+00
    0.12803E+02    0.10420E+00
    0.13061E+02    0.98822E-01
    0.13325E+02    0.93721E-01
    0.13594E+02    0.88880E-01
    0.13869E+02    0.84287E-01
    0.14149E+02    0.79929E-01
    0.14435E+02    0.75794E-01
    0.14727E+02    0.71870E-01
    0.15024E+02    0.68148E-01
    0.15328E+02    0.64617E-01
    0.15637E+02    0.61267E-01
    0.15953E+02    0.58089E-01
    0.16275E+02    0.55074E-01
    0.16604E+02    0.52214E-01
    0.16940E+02    0.49501E-01
    0.17282E+02    0.46928E-01
    0.17631E+02    0.44488E-01
    0.17987E+02    0.42173E-01
    0.18351E+02    0.39977E-01
    0.18721E+02    0.37895E-01
    0.19099E+02    0.35920E-01
    0.19485E+02    0.34047E-01
    0.19879E+02    0.32271E-01
    0.20280E+02    0.30587E-01
    0.20690E+02    0.28989E-01
    0.21108E+02    0.27475E-01
    0.21535E+02    0.26039E-01
    0.21970E+02    0.24677E-01
    0.22413E+02    0.23386E-01
    0.22866E+02    0.22162E-01
    0.23328E+02    0.21001E-01
    0.23799E+02    0.19900E-01
    0.24280E+02    0.18857E-01
    0.24771E+02    0.17868E-01
    0.25271E+02    0.16930E-01
    0.25782E+02    0.16041E-01
    0.26302E+02    0.15199E-01
    0.26834E+02    0.14400E-01
    0.27376E+02    0.13643E-01
    0.27929E+02    0.12925E-01
    0.28493E+02    0.12245E-01
    0.29069E+02    0.11600E-01
    0.29656E+02    0.10989E-01
    0.30255E+02    0.10410E-01
    0.30866E+02    0.98606E-02
    0.31490E+02    0.93403E-02
    0.32126E+02    0.88472E-02
    0.32775E+02    0.83799E-02
    0.33437E+02    0.79371E-02
    0.34112E+02    0.75175E-02
    0.34801E+02    0.71198E-02
    0.35504E+02    0.67430E-02
    0.36222E+02    0.63860E-02
    0.36953E+02    0.60477E-02
    0.37700E+02    0.57271E-02
    0.38462E+02    0.54234E-02
    0.39239E+02    0.51357E-02
    0.40031E+02    0.48631E-02
    0.40840E+02    0.46049E-02
    0.41665E+02    0.43602E-02
    0.42507E+02    0.41284E-02
    0.43365E+02    0.39088E-02
    0.44241E+02    0.37008E-02
    0.45135E+02    0.35037E-02
    0.46047E+02    0.33170E-02
    0.46977E+02    0.31401E-02
    0.47926E+02    0.29725E-02
    0.48894E+02    0.28138E-02
    0.49882E+02    0.26634E-02
    0.50890E+02    0.25210E-02
    0.51918E+02    0.23861E-02
    0.52966E+02    0.22584E-02
    0.54036E+02    0.21374E-02
    0.55128E+02    0.20229E-02
    0.56242E+02    0.19145E-02
    0.57378E+02    0.18119E-02
    0.58537E+02    0.17148E-02
