    0.10000E-03    0.26367E+03
    0.10202E-03    0.26878E+03
    0.10408E-03    0.27399E+03
    0.10618E-03    0.27930E+03
    0.10833E-03    0.28471E+03
    0.11052E-03    0.29022E+03
    0.11275E-03    0.29584E+03
    0.11503E-03    0.30157E+03
    0.11735E-03    0.30742E+03
    0.11972E-03    0.31337E+03
    0.12214E-03    0.31944E+03
    0.12461E-03    0.32563E+03
    0.12712E-03    0.33193E+03
    0.12969E-03    0.33836E+03
    0.13231E-03    0.34492E+03
    0.13499E-03    0.35160E+03
    0.13771E-03    0.35840E+03
    0.14049E-03    0.36534E+03
    0.14333E-03    0.37242E+03
    0.14623E-03    0.37963E+03
    0.14918E-03    0.38698E+03
    0.15220E-03    0.39447E+03
    0.15527E-03    0.40211E+03
    0.15841E-03    0.40989E+03
    0.16161E-03    0.41783E+03
    0.16487E-03    0.42592E+03
    0.16820E-03    0.43416E+03
    0.17160E-03    0.44256E+03
    0.17507E-03    0.45113E+03
    0.17860E-03    0.45986E+03
    0.18221E-03    0.46876E+03
    0.18589E-03    0.47783E+03
    0.18965E-03    0.48707E+03
    0.19348E-03    0.49649E+03
    0.19739E-03    0.50610E+03
    0.20138E-03    0.51589E+03
    0.20544E-03    0.52586E+03
    0.20959E-03    0.53603E+03
    0.21383E-03    0.54640E+03
    0.21815E-03    0.55696E+03
    0.22255E-03    0.56773E+03
    0.22705E-03    0.57871E+03
    0.23164E-03    0.58989E+03
    0.23632E-03    0.60129E+03
    0.24109E-03    0.61291E+03
    0.24596E-03    0.62476E+03
    0.25093E-03    0.63683E+03
    0.25600E-03    0.64913E+03
    0.26117E-03    0.66167E+03
    0.26645E-03    0.67444E+03
    0.27183E-03    0.68747E+03
    0.27732E-03    0.70074E+03
    0.28292E-03    0.71426E+03
    0.28864E-03    0.72805E+03
    0.29447E-03    0.74210E+03
    0.30042E-03    0.75641E+03
    0.30649E-03    0.77100E+03
    0.31268E-03    0.78587E+03
    0.31899E-03    0.80102E+03
    0.32544E-03    0.81646E+03
    0.33201E-03    0.83220E+03
    0.33872E-03    0.84823E+03
    0.34556E-03    0.86457E+03
    0.35254E-03    0.88122E+03
    0.35966E-03    0.89819E+03
    0.36693E-03    0.91548E+03
    0.37434E-03    0.93310E+03
    0.38190E-03    0.95105E+03
    0.38962E-03    0.96934E+03
    0.39749E-03    0.98797E+03
    0.40552E-03    0.10070E+04
    0.41371E-03    0.10263E+04
    0.42207E-03    0.10460E+04
    0.43060E-03    0.10661E+04
    0.43929E-03    0.10866E+04
    0.44817E-03    0.11074E+04
    0.45722E-03    0.11287E+04
    0.46646E-03    0.11503E+04
    0.47588E-03    0.11723E+04
    0.48550E-03    0.11948E+04
    0.49530E-03    0.12177E+04
    0.50531E-03    0.12410E+04
    0.51552E-03    0.12647E+04
    0.52593E-03    0.12889E+04
    0.53656E-03    0.13135E+04
    0.54739E-03    0.13386E+04
    0.55845E-03    0.13642E+04
    0.56973E-03    0.13902E+04
    0.58124E-03    0.14167E+04
    0.59299E-03    0.14437E+04
    0.60496E-03    0.14712E+04
    0.61719E-03    0.14992E+04
    0.62965E-03    0.15277E+04
    0.64237E-03    0.15568E+04
    0.65535E-03    0.15863E+04
    0.66859E-03    0.16165E+04
    0.68210E-03    0.16471E+04
    0.69588E-03    0.16783E+04
    0.70993E-03    0.17101E+04
    0.72427E-03    0.17425E+04
    0.73891E-03    0.17754E+04
    0.75383E-03    0.18090E+04
    0.76906E-03    0.18431E+04
    0.78460E-03    0.18779E+04
    0.80045E-03    0.19133E+04
    0.81662E-03    0.19493E+04
    0.83311E-03    0.19859E+04
    0.84994E-03    0.20233E+04
    0.86711E-03    0.20612E+04
    0.88463E-03    0.20999E+04
    0.90250E-03    0.21392E+04
    0.92073E-03    0.21792E+04
    0.93933E-03    0.22200E+04
    0.95831E-03    0.22614E+04
    0.97767E-03    0.23036E+04
    0.99742E-03    0.23465E+04
    0.10176E-02    0.23901E+04
    0.10381E-02    0.24345E+04
    0.10591E-02    0.24796E+04
    0.10805E-02    0.25256E+04
    0.11023E-02    0.25723E+04
    0.11246E-02    0.26198E+04
    0.11473E-02    0.26681E+04
    0.11705E-02    0.27173E+04
    0.11941E-02    0.27673E+04
    0.12182E-02    0.28181E+04
    0.12429E-02    0.28697E+04
    0.12680E-02    0.29222E+04
    0.12936E-02    0.29756E+04
    0.13197E-02    0.30299E+04
    0.13464E-02    0.30851E+04
    0.13736E-02    0.31411E+04
    0.14013E-02    0.31981E+04
    0.14296E-02    0.32560E+04
    0.14585E-02    0.33148E+04
    0.14880E-02    0.33746E+04
    0.15180E-02    0.34353E+04
    0.15487E-02    0.34970E+04
    0.15800E-02    0.35596E+04
    0.16119E-02    0.36233E+04
    0.16445E-02    0.36879E+04
    0.16777E-02    0.37535E+04
    0.17116E-02    0.38201E+04
    0.17462E-02    0.38877E+04
    0.17814E-02    0.39564E+04
    0.18174E-02    0.40260E+04
    0.18541E-02    0.40968E+04
    0.18916E-02    0.41685E+04
    0.19298E-02    0.42413E+04
    0.19688E-02    0.43152E+04
    0.20086E-02    0.43901E+04
    0.20491E-02    0.44661E+04
    0.20905E-02    0.45432E+04
    0.21328E-02    0.46213E+04
    0.21758E-02    0.47005E+04
    0.22198E-02    0.47808E+04
    0.22646E-02    0.48622E+04
    0.23104E-02    0.49447E+04
    0.23571E-02    0.50283E+04
    0.24047E-02    0.51130E+04
    0.24533E-02    0.51988E+04
    0.25028E-02    0.52856E+04
    0.25534E-02    0.53736E+04
    0.26050E-02    0.54627E+04
    0.26576E-02    0.55528E+04
    0.27113E-02    0.56441E+04
    0.27660E-02    0.57364E+04
    0.28219E-02    0.58298E+04
    0.28789E-02    0.59243E+04
    0.29371E-02    0.60199E+04
    0.29964E-02    0.61165E+04
    0.30569E-02    0.62142E+04
    0.31187E-02    0.63129E+04
    0.31817E-02    0.64127E+04
    0.32460E-02    0.65135E+04
    0.33115E-02    0.66153E+04
    0.33784E-02    0.67182E+04
    0.34467E-02    0.68220E+04
    0.35163E-02    0.69268E+04
    0.35874E-02    0.70325E+04
    0.36598E-02    0.71392E+04
    0.37338E-02    0.72468E+04
    0.38092E-02    0.73553E+04
    0.38861E-02    0.74647E+04
    0.39646E-02    0.75749E+04
    0.40447E-02    0.76859E+04
    0.41264E-02    0.77978E+04
    0.42098E-02    0.79104E+04
    0.42948E-02    0.80238E+04
    0.43816E-02    0.81378E+04
    0.44701E-02    0.82526E+04
    0.45604E-02    0.83680E+04
    0.46525E-02    0.84840E+04
    0.47465E-02    0.86005E+04
    0.48424E-02    0.87176E+04
    0.49402E-02    0.88351E+04
    0.50400E-02    0.89531E+04
    0.51419E-02    0.90715E+04
    0.52457E-02    0.91902E+04
    0.53517E-02    0.93092E+04
    0.54598E-02    0.94285E+04
    0.55701E-02    0.95479E+04
    0.56826E-02    0.96675E+04
    0.57974E-02    0.97871E+04
    0.59145E-02    0.99068E+04
    0.60340E-02    0.10026E+05
    0.61559E-02    0.10146E+05
    0.62803E-02    0.10265E+05
    0.64072E-02    0.10384E+05
    0.65366E-02    0.10503E+05
    0.66686E-02    0.10621E+05
    0.68033E-02    0.10739E+05
    0.69408E-02    0.10856E+05
    0.70810E-02    0.10972E+05
    0.72240E-02    0.11088E+05
    0.73700E-02    0.11203E+05
    0.75189E-02    0.11317E+05
    0.76708E-02    0.11430E+05
    0.78257E-02    0.11541E+05
    0.79838E-02    0.11652E+05
    0.81451E-02    0.11761E+05
    0.83096E-02    0.11869E+05
    0.84775E-02    0.11975E+05
    0.86488E-02    0.12080E+05
    0.88235E-02    0.12183E+05
    0.90017E-02    0.12284E+05
    0.91836E-02    0.12382E+05
    0.93691E-02    0.12479E+05
    0.95583E-02    0.12574E+05
    0.97514E-02    0.12666E+05
    0.99484E-02    0.12755E+05
    0.10149E-01    0.12842E+05
    0.10354E-01    0.12926E+05
    0.10564E-01    0.13008E+05
    0.10777E-01    0.13086E+05
    0.10995E-01    0.13161E+05
    0.11217E-01    0.13232E+05
    0.11443E-01    0.13300E+05
    0.11675E-01    0.13364E+05
    0.11910E-01    0.13425E+05
    0.12151E-01    0.13481E+05
    0.12397E-01    0.13534E+05
    0.12647E-01    0.13582E+05
    0.12902E-01    0.13627E+05
    0.13163E-01    0.13666E+05
    0.13429E-01    0.13701E+05
    0.13700E-01    0.13730E+05
    0.13977E-01    0.13752E+05
    0.14259E-01    0.13770E+05
    0.14547E-01    0.13783E+05
    0.14841E-01    0.13792E+05
    0.15141E-01    0.13798E+05
    0.15447E-01    0.13802E+05
    0.15759E-01    0.13803E+05
    0.16077E-01    0.13799E+05
    0.16402E-01    0.13788E+05
    0.16734E-01    0.13769E+05
    0.17072E-01    0.13741E+05
    0.17416E-01    0.13704E+05
    0.17768E-01    0.13659E+05
    0.18127E-01    0.13607E+05
    0.18493E-01    0.13549E+05
    0.18867E-01    0.13486E+05
    0.19248E-01    0.13417E+05
    0.19637E-01    0.13340E+05
    0.20034E-01    0.13256E+05
    0.20438E-01    0.13164E+05
    0.20851E-01    0.13062E+05
    0.21272E-01    0.12951E+05
    0.21702E-01    0.12833E+05
    0.22141E-01    0.12708E+05
    0.22588E-01    0.12579E+05
    0.23044E-01    0.12445E+05
    0.23510E-01    0.12307E+05
    0.23985E-01    0.12166E+05
    0.24469E-01    0.12020E+05
    0.24964E-01    0.11870E+05
    0.25468E-01    0.11716E+05
    0.25982E-01    0.11557E+05
    0.26507E-01    0.11394E+05
    0.27043E-01    0.11227E+05
    0.27589E-01    0.11055E+05
    0.28146E-01    0.10878E+05
    0.28715E-01    0.10698E+05
    0.29295E-01    0.10514E+05
    0.29887E-01    0.10327E+05
    0.30490E-01    0.10138E+05
    0.31106E-01    0.99467E+04
    0.31735E-01    0.97551E+04
    0.32376E-01    0.95633E+04
    0.33030E-01    0.93722E+04
    0.33697E-01    0.91823E+04
    0.34378E-01    0.89943E+04
    0.35072E-01    0.88086E+04
    0.35781E-01    0.86257E+04
    0.36504E-01    0.84458E+04
    0.37241E-01    0.82693E+04
    0.37993E-01    0.80966E+04
    0.38761E-01    0.79279E+04
    0.39544E-01    0.77635E+04
    0.40343E-01    0.76037E+04
    0.41158E-01    0.74486E+04
    0.41989E-01    0.72987E+04
    0.42838E-01    0.71544E+04
    0.43703E-01    0.70162E+04
    0.44586E-01    0.68846E+04
    0.45486E-01    0.67600E+04
    0.46405E-01    0.66423E+04
    0.47343E-01    0.65309E+04
    0.48299E-01    0.64253E+04
    0.49275E-01    0.63250E+04
    0.50270E-01    0.62294E+04
    0.51286E-01    0.61382E+04
    0.52322E-01    0.60510E+04
    0.53379E-01    0.59673E+04
    0.54457E-01    0.58866E+04
    0.55557E-01    0.58080E+04
    0.56680E-01    0.57308E+04
    0.57825E-01    0.56539E+04
    0.58993E-01    0.55767E+04
    0.60184E-01    0.54985E+04
    0.61400E-01    0.54186E+04
    0.62641E-01    0.53362E+04
    0.63906E-01    0.52502E+04
    0.65197E-01    0.51593E+04
    0.66514E-01    0.50625E+04
    0.67858E-01    0.49606E+04
    0.69229E-01    0.48551E+04
    0.70627E-01    0.47469E+04
    0.72054E-01    0.46346E+04
    0.73510E-01    0.45153E+04
    0.74994E-01    0.43870E+04
    0.76509E-01    0.42517E+04
    0.78055E-01    0.41121E+04
    0.79632E-01    0.39705E+04
    0.81241E-01    0.38279E+04
    0.82882E-01    0.36851E+04
    0.84556E-01    0.35435E+04
    0.86264E-01    0.34047E+04
    0.88007E-01    0.32701E+04
    0.89785E-01    0.31414E+04
    0.91598E-01    0.30197E+04
    0.93449E-01    0.29062E+04
    0.95337E-01    0.28018E+04
    0.97263E-01    0.27071E+04
    0.99227E-01    0.26225E+04
    0.10123E+00    0.25477E+04
    0.10328E+00    0.24823E+04
    0.10536E+00    0.24253E+04
    0.10749E+00    0.23756E+04
    0.10966E+00    0.23317E+04
    0.11188E+00    0.22919E+04
    0.11414E+00    0.22543E+04
    0.11644E+00    0.22170E+04
    0.11880E+00    0.21782E+04
    0.12120E+00    0.21361E+04
    0.12365E+00    0.20891E+04
    0.12614E+00    0.20363E+04
    0.12869E+00    0.19773E+04
    0.13129E+00    0.19122E+04
    0.13394E+00    0.18419E+04
    0.13665E+00    0.17675E+04
    0.13941E+00    0.16906E+04
    0.14223E+00    0.16130E+04
    0.14510E+00    0.15367E+04
    0.14803E+00    0.14638E+04
    0.15102E+00    0.13964E+04
    0.15407E+00    0.13362E+04
    0.15718E+00    0.12840E+04
    0.16036E+00    0.12399E+04
    0.16360E+00    0.12031E+04
    0.16690E+00    0.11722E+04
    0.17028E+00    0.11457E+04
    0.17371E+00    0.11218E+04
    0.17722E+00    0.10985E+04
    0.18080E+00    0.10739E+04
    0.18446E+00    0.10461E+04
    0.18818E+00    0.10140E+04
    0.19198E+00    0.97745E+03
    0.19586E+00    0.93728E+03
    0.19982E+00    0.89503E+03
    0.20386E+00    0.85246E+03
    0.20797E+00    0.81134E+03
    0.21218E+00    0.77328E+03
    0.21646E+00    0.73956E+03
    0.22083E+00    0.71078E+03
    0.22530E+00    0.68673E+03
    0.22985E+00    0.66644E+03
    0.23449E+00    0.64846E+03
    0.23923E+00    0.63112E+03
    0.24406E+00    0.61289E+03
    0.24899E+00    0.59270E+03
    0.25402E+00    0.57027E+03
    0.25915E+00    0.54611E+03
    0.26439E+00    0.52130E+03
    0.26973E+00    0.49707E+03
    0.27518E+00    0.47457E+03
    0.28074E+00    0.45462E+03
    0.28641E+00    0.43739E+03
    0.29219E+00    0.42239E+03
    0.29810E+00    0.40866E+03
    0.30412E+00    0.39520E+03
    0.31026E+00    0.38121E+03
    0.31653E+00    0.36635E+03
    0.32292E+00    0.35080E+03
    0.32945E+00    0.33524E+03
    0.33610E+00    0.32044E+03
    0.34289E+00    0.30689E+03
    0.34982E+00    0.29471E+03
    0.35689E+00    0.28369E+03
    0.36409E+00    0.27329E+03
    0.37145E+00    0.26296E+03
    0.37895E+00    0.25246E+03
    0.38661E+00    0.24181E+03
    0.39442E+00    0.23135E+03
    0.40239E+00    0.22143E+03
    0.41052E+00    0.21223E+03
    0.41881E+00    0.20373E+03
    0.42727E+00    0.19568E+03
    0.43590E+00    0.18783E+03
    0.44471E+00    0.18005E+03
    0.45369E+00    0.17238E+03
    0.46286E+00    0.16499E+03
    0.47221E+00    0.15801E+03
    0.48174E+00    0.15144E+03
    0.49148E+00    0.14519E+03
    0.50141E+00    0.13914E+03
    0.51153E+00    0.13325E+03
    0.52187E+00    0.12753E+03
    0.53241E+00    0.12206E+03
    0.54317E+00    0.11687E+03
    0.55414E+00    0.11190E+03
    0.56533E+00    0.10712E+03
    0.57675E+00    0.10252E+03
    0.58840E+00    0.98107E+02
    0.60029E+00    0.93872E+02
    0.61242E+00    0.89812E+02
    0.62479E+00    0.85920E+02
    0.63741E+00    0.82189E+02
    0.65029E+00    0.78613E+02
    0.66342E+00    0.75186E+02
    0.67683E+00    0.71901E+02
    0.69050E+00    0.68753E+02
    0.70445E+00    0.65736E+02
    0.71868E+00    0.62846E+02
    0.73320E+00    0.60076E+02
    0.74801E+00    0.57423E+02
    0.76312E+00    0.54881E+02
    0.77854E+00    0.52446E+02
    0.79426E+00    0.50115E+02
    0.81031E+00    0.47883E+02
    0.82668E+00    0.45746E+02
    0.84338E+00    0.43700E+02
    0.86041E+00    0.41742E+02
    0.87780E+00    0.39868E+02
    0.89553E+00    0.38075E+02
    0.91362E+00    0.36360E+02
    0.93208E+00    0.34719E+02
    0.95091E+00    0.33149E+02
    0.97011E+00    0.31648E+02
    0.98971E+00    0.30212E+02
    0.10097E+01    0.28838E+02
    0.10301E+01    0.27525E+02
    0.10509E+01    0.26270E+02
    0.10721E+01    0.25070E+02
    0.10938E+01    0.23923E+02
    0.11159E+01    0.22826E+02
    0.11384E+01    0.21778E+02
    0.11614E+01    0.20777E+02
    0.11849E+01    0.19820E+02
    0.12088E+01    0.18905E+02
    0.12333E+01    0.18032E+02
    0.12582E+01    0.17197E+02
    0.12836E+01    0.16400E+02
    0.13095E+01    0.15639E+02
    0.13360E+01    0.14912E+02
    0.13630E+01    0.14218E+02
    0.13905E+01    0.13555E+02
    0.14186E+01    0.12922E+02
    0.14472E+01    0.12318E+02
    0.14765E+01    0.11741E+02
    0.15063E+01    0.11190E+02
    0.15367E+01    0.10665E+02
    0.15678E+01    0.10163E+02
    0.15994E+01    0.96846E+01
    0.16318E+01    0.92279E+01
    0.16647E+01    0.87922E+01
    0.16984E+01    0.83765E+01
    0.17327E+01    0.79800E+01
    0.17677E+01    0.76017E+01
    0.18034E+01    0.72409E+01
    0.18398E+01    0.68968E+01
    0.18770E+01    0.65686E+01
    0.19149E+01    0.62557E+01
    0.19536E+01    0.59573E+01
    0.19930E+01    0.56728E+01
    0.20333E+01    0.54015E+01
    0.20744E+01    0.51429E+01
    0.21163E+01    0.48964E+01
    0.21590E+01    0.46615E+01
    0.22026E+01    0.44375E+01
    0.22471E+01    0.42241E+01
    0.22925E+01    0.40207E+01
    0.23388E+01    0.38268E+01
    0.23861E+01    0.36422E+01
    0.24343E+01    0.34662E+01
    0.24835E+01    0.32985E+01
    0.25336E+01    0.31388E+01
    0.25848E+01    0.29867E+01
    0.26370E+01    0.28417E+01
    0.26903E+01    0.27037E+01
    0.27447E+01    0.25722E+01
    0.28001E+01    0.24470E+01
    0.28567E+01    0.23278E+01
    0.29144E+01    0.22143E+01
    0.29733E+01    0.21061E+01
    0.30333E+01    0.20032E+01
    0.30946E+01    0.19052E+01
    0.31571E+01    0.18119E+01
    0.32209E+01    0.17231E+01
    0.32860E+01    0.16385E+01
    0.33523E+01    0.15581E+01
    0.34201E+01    0.14815E+01
    0.34892E+01    0.14086E+01
    0.35596E+01    0.13392E+01
    0.36316E+01    0.12732E+01
    0.37049E+01    0.12104E+01
    0.37798E+01    0.11506E+01
    0.38561E+01    0.10937E+01
    0.39340E+01    0.10396E+01
    0.40135E+01    0.98813E+00
    0.40946E+01    0.93916E+00
    0.41773E+01    0.89258E+00
    0.42617E+01    0.84827E+00
    0.43478E+01    0.80612E+00
    0.44356E+01    0.76603E+00
    0.45252E+01    0.72791E+00
    0.46166E+01    0.69165E+00
    0.47099E+01    0.65717E+00
    0.48050E+01    0.62438E+00
    0.49021E+01    0.59320E+00
    0.50011E+01    0.56356E+00
    0.51021E+01    0.53537E+00
    0.52052E+01    0.50857E+00
    0.53104E+01    0.48310E+00
    0.54176E+01    0.45888E+00
    0.55271E+01    0.43586E+00
    0.56387E+01    0.41398E+00
    0.57526E+01    0.39318E+00
    0.58689E+01    0.37341E+00
    0.59874E+01    0.35462E+00
    0.61084E+01    0.33676E+00
    0.62318E+01    0.31979E+00
    0.63577E+01    0.30366E+00
    0.64861E+01    0.28834E+00
    0.66171E+01    0.27378E+00
    0.67508E+01    0.25994E+00
    0.68872E+01    0.24679E+00
    0.70263E+01    0.23430E+00
    0.71682E+01    0.22244E+00
    0.73130E+01    0.21116E+00
    0.74608E+01    0.20046E+00
    0.76115E+01    0.19028E+00
    0.77653E+01    0.18062E+00
    0.79221E+01    0.17144E+00
    0.80822E+01    0.16273E+00
    0.82454E+01    0.15445E+00
    0.84120E+01    0.14658E+00
    0.85819E+01    0.13911E+00
    0.87553E+01    0.13202E+00
    0.89322E+01    0.12529E+00
    0.91126E+01    0.11889E+00
    0.92967E+01    0.11282E+00
    0.94845E+01    0.10705E+00
    0.96761E+01    0.10158E+00
    0.98716E+01    0.96381E-01
    0.10071E+02    0.91446E-01
    0.10274E+02    0.86761E-01
    0.10482E+02    0.82313E-01
    0.10694E+02    0.78091E-01
    0.10910E+02    0.74083E-01
    0.11130E+02    0.70279E-01
    0.11355E+02    0.66668E-01
    0.11584E+02    0.63240E-01
    0.11818E+02    0.59987E-01
    0.12057E+02    0.56899E-01
    0.12301E+02    0.53968E-01
    0.12549E+02    0.51187E-01
    0.12803E+02    0.48548E-01
    0.13061E+02    0.46043E-01
    0.13325E+02    0.43667E-01
    0.13594E+02    0.41411E-01
    0.13869E+02    0.39271E-01
    0.14149E+02    0.37241E-01
    0.14435E+02    0.35314E-01
    0.14727E+02    0.33487E-01
    0.15024E+02    0.31752E-01
    0.15328E+02    0.30107E-01
    0.15637E+02    0.28546E-01
    0.15953E+02    0.27066E-01
    0.16275E+02    0.25661E-01
    0.16604E+02    0.24329E-01
    0.16940E+02    0.23065E-01
    0.17282E+02    0.21866E-01
    0.17631E+02    0.20729E-01
    0.17987E+02    0.19650E-01
    0.18351E+02    0.18627E-01
    0.18721E+02    0.17657E-01
    0.19099E+02    0.16737E-01
    0.19485E+02    0.15864E-01
    0.19879E+02    0.15037E-01
    0.20280E+02    0.14252E-01
    0.20690E+02    0.13508E-01
    0.21108E+02    0.12802E-01
    0.21535E+02    0.12133E-01
    0.21970E+02    0.11499E-01
    0.22413E+02    0.10897E-01
    0.22866E+02    0.10327E-01
    0.23328E+02    0.97860E-02
    0.23799E+02    0.92733E-02
    0.24280E+02    0.87871E-02
    0.24771E+02    0.83263E-02
    0.25271E+02    0.78894E-02
    0.25782E+02    0.74753E-02
    0.26302E+02    0.70826E-02
    0.26834E+02    0.67105E-02
    0.27376E+02    0.63577E-02
    0.27929E+02    0.60233E-02
    0.28493E+02    0.57063E-02
    0.29069E+02    0.54059E-02
    0.29656E+02    0.51212E-02
    0.30255E+02    0.48513E-02
    0.30866E+02    0.45955E-02
    0.31490E+02    0.43531E-02
    0.32126E+02    0.41233E-02
    0.32775E+02    0.39056E-02
    0.33437E+02    0.36993E-02
    0.34112E+02    0.35037E-02
    0.34801E+02    0.33185E-02
    0.35504E+02    0.31429E-02
    0.36222E+02    0.29765E-02
    0.36953E+02    0.28189E-02
    0.37700E+02    0.26695E-02
    0.38462E+02    0.25280E-02
    0.39239E+02    0.23940E-02
    0.40031E+02    0.22669E-02
    0.40840E+02    0.21466E-02
    0.41665E+02    0.20326E-02
    0.42507E+02    0.19246E-02
    0.43365E+02    0.18223E-02
    0.44241E+02    0.17253E-02
    0.45135E+02    0.16335E-02
    0.46047E+02    0.15465E-02
    0.46977E+02    0.14641E-02
    0.47926E+02    0.13860E-02
    0.48894E+02    0.13120E-02
    0.49882E+02    0.12419E-02
    0.50890E+02    0.11756E-02
    0.51918E+02    0.11127E-02
    0.52966E+02    0.10532E-02
    0.54036E+02    0.99681E-03
    0.55128E+02    0.94345E-03
    0.56242E+02    0.89293E-03
    0.57378E+02    0.84511E-03
    0.58537E+02    0.79984E-03
