    0.10000E-03    0.34741E+03
    0.10202E-03    0.35414E+03
    0.10408E-03    0.36100E+03
    0.10618E-03    0.36799E+03
    0.10833E-03    0.37512E+03
    0.11052E-03    0.38239E+03
    0.11275E-03    0.38979E+03
    0.11503E-03    0.39734E+03
    0.11735E-03    0.40504E+03
    0.11972E-03    0.41289E+03
    0.12214E-03    0.42088E+03
    0.12461E-03    0.42904E+03
    0.12712E-03    0.43734E+03
    0.12969E-03    0.44581E+03
    0.13231E-03    0.45445E+03
    0.13499E-03    0.46325E+03
    0.13771E-03    0.47222E+03
    0.14049E-03    0.48136E+03
    0.14333E-03    0.49068E+03
    0.14623E-03    0.50018E+03
    0.14918E-03    0.50987E+03
    0.15220E-03    0.51974E+03
    0.15527E-03    0.52980E+03
    0.15841E-03    0.54006E+03
    0.16161E-03    0.55051E+03
    0.16487E-03    0.56117E+03
    0.16820E-03    0.57203E+03
    0.17160E-03    0.58310E+03
    0.17507E-03    0.59438E+03
    0.17860E-03    0.60588E+03
    0.18221E-03    0.61761E+03
    0.18589E-03    0.62956E+03
    0.18965E-03    0.64174E+03
    0.19348E-03    0.65415E+03
    0.19739E-03    0.66680E+03
    0.20138E-03    0.67970E+03
    0.20544E-03    0.69285E+03
    0.20959E-03    0.70624E+03
    0.21383E-03    0.71990E+03
    0.21815E-03    0.73382E+03
    0.22255E-03    0.74800E+03
    0.22705E-03    0.76246E+03
    0.23164E-03    0.77720E+03
    0.23632E-03    0.79222E+03
    0.24109E-03    0.80753E+03
    0.24596E-03    0.82313E+03
    0.25093E-03    0.83903E+03
    0.25600E-03    0.85523E+03
    0.26117E-03    0.87175E+03
    0.26645E-03    0.88858E+03
    0.27183E-03    0.90574E+03
    0.27732E-03    0.92322E+03
    0.28292E-03    0.94104E+03
    0.28864E-03    0.95920E+03
    0.29447E-03    0.97771E+03
    0.30042E-03    0.99657E+03
    0.30649E-03    0.10158E+04
    0.31268E-03    0.10354E+04
    0.31899E-03    0.10553E+04
    0.32544E-03    0.10757E+04
    0.33201E-03    0.10964E+04
    0.33872E-03    0.11175E+04
    0.34556E-03    0.11390E+04
    0.35254E-03    0.11610E+04
    0.35966E-03    0.11833E+04
    0.36693E-03    0.12061E+04
    0.37434E-03    0.12293E+04
    0.38190E-03    0.12530E+04
    0.38962E-03    0.12770E+04
    0.39749E-03    0.13016E+04
    0.40552E-03    0.13266E+04
    0.41371E-03    0.13521E+04
    0.42207E-03    0.13781E+04
    0.43060E-03    0.14045E+04
    0.43929E-03    0.14315E+04
    0.44817E-03    0.14589E+04
    0.45722E-03    0.14869E+04
    0.46646E-03    0.15154E+04
    0.47588E-03    0.15444E+04
    0.48550E-03    0.15740E+04
    0.49530E-03    0.16041E+04
    0.50531E-03    0.16348E+04
    0.51552E-03    0.16661E+04
    0.52593E-03    0.16979E+04
    0.53656E-03    0.17304E+04
    0.54739E-03    0.17634E+04
    0.55845E-03    0.17971E+04
    0.56973E-03    0.18314E+04
    0.58124E-03    0.18663E+04
    0.59299E-03    0.19018E+04
    0.60496E-03    0.19380E+04
    0.61719E-03    0.19749E+04
    0.62965E-03    0.20125E+04
    0.64237E-03    0.20507E+04
    0.65535E-03    0.20897E+04
    0.66859E-03    0.21293E+04
    0.68210E-03    0.21697E+04
    0.69588E-03    0.22108E+04
    0.70993E-03    0.22527E+04
    0.72427E-03    0.22953E+04
    0.73891E-03    0.23387E+04
    0.75383E-03    0.23829E+04
    0.76906E-03    0.24278E+04
    0.78460E-03    0.24736E+04
    0.80045E-03    0.25202E+04
    0.81662E-03    0.25676E+04
    0.83311E-03    0.26159E+04
    0.84994E-03    0.26650E+04
    0.86711E-03    0.27151E+04
    0.88463E-03    0.27659E+04
    0.90250E-03    0.28177E+04
    0.92073E-03    0.28704E+04
    0.93933E-03    0.29241E+04
    0.95831E-03    0.29787E+04
    0.97767E-03    0.30342E+04
    0.99742E-03    0.30907E+04
    0.10176E-02    0.31481E+04
    0.10381E-02    0.32066E+04
    0.10591E-02    0.32661E+04
    0.10805E-02    0.33266E+04
    0.11023E-02    0.33881E+04
    0.11246E-02    0.34507E+04
    0.11473E-02    0.35143E+04
    0.11705E-02    0.35790E+04
    0.11941E-02    0.36449E+04
    0.12182E-02    0.37118E+04
    0.12429E-02    0.37798E+04
    0.12680E-02    0.38490E+04
    0.12936E-02    0.39193E+04
    0.13197E-02    0.39908E+04
    0.13464E-02    0.40634E+04
    0.13736E-02    0.41372E+04
    0.14013E-02    0.42123E+04
    0.14296E-02    0.42885E+04
    0.14585E-02    0.43660E+04
    0.14880E-02    0.44447E+04
    0.15180E-02    0.45247E+04
    0.15487E-02    0.46059E+04
    0.15800E-02    0.46884E+04
    0.16119E-02    0.47722E+04
    0.16445E-02    0.48573E+04
    0.16777E-02    0.49437E+04
    0.17116E-02    0.50314E+04
    0.17462E-02    0.51205E+04
    0.17814E-02    0.52109E+04
    0.18174E-02    0.53027E+04
    0.18541E-02    0.53958E+04
    0.18916E-02    0.54903E+04
    0.19298E-02    0.55862E+04
    0.19688E-02    0.56835E+04
    0.20086E-02    0.57821E+04
    0.20491E-02    0.58822E+04
    0.20905E-02    0.59837E+04
    0.21328E-02    0.60866E+04
    0.21758E-02    0.61910E+04
    0.22198E-02    0.62967E+04
    0.22646E-02    0.64039E+04
    0.23104E-02    0.65126E+04
    0.23571E-02    0.66227E+04
    0.24047E-02    0.67342E+04
    0.24533E-02    0.68472E+04
    0.25028E-02    0.69616E+04
    0.25534E-02    0.70774E+04
    0.26050E-02    0.71947E+04
    0.26576E-02    0.73135E+04
    0.27113E-02    0.74336E+04
    0.27660E-02    0.75553E+04
    0.28219E-02    0.76783E+04
    0.28789E-02    0.78027E+04
    0.29371E-02    0.79286E+04
    0.29964E-02    0.80559E+04
    0.30569E-02    0.81845E+04
    0.31187E-02    0.83146E+04
    0.31817E-02    0.84460E+04
    0.32460E-02    0.85788E+04
    0.33115E-02    0.87129E+04
    0.33784E-02    0.88483E+04
    0.34467E-02    0.89850E+04
    0.35163E-02    0.91230E+04
    0.35874E-02    0.92623E+04
    0.36598E-02    0.94028E+04
    0.37338E-02    0.95445E+04
    0.38092E-02    0.96874E+04
    0.38861E-02    0.98314E+04
    0.39646E-02    0.99766E+04
    0.40447E-02    0.10123E+05
    0.41264E-02    0.10270E+05
    0.42098E-02    0.10419E+05
    0.42948E-02    0.10568E+05
    0.43816E-02    0.10718E+05
    0.44701E-02    0.10869E+05
    0.45604E-02    0.11021E+05
    0.46525E-02    0.11174E+05
    0.47465E-02    0.11327E+05
    0.48424E-02    0.11482E+05
    0.49402E-02    0.11636E+05
    0.50400E-02    0.11792E+05
    0.51419E-02    0.11948E+05
    0.52457E-02    0.12104E+05
    0.53517E-02    0.12261E+05
    0.54598E-02    0.12418E+05
    0.55701E-02    0.12575E+05
    0.56826E-02    0.12733E+05
    0.57974E-02    0.12890E+05
    0.59145E-02    0.13048E+05
    0.60340E-02    0.13205E+05
    0.61559E-02    0.13363E+05
    0.62803E-02    0.13520E+05
    0.64072E-02    0.13676E+05
    0.65366E-02    0.13833E+05
    0.66686E-02    0.13988E+05
    0.68033E-02    0.14143E+05
    0.69408E-02    0.14298E+05
    0.70810E-02    0.14451E+05
    0.72240E-02    0.14603E+05
    0.73700E-02    0.14755E+05
    0.75189E-02    0.14905E+05
    0.76708E-02    0.15054E+05
    0.78257E-02    0.15201E+05
    0.79838E-02    0.15346E+05
    0.81451E-02    0.15490E+05
    0.83096E-02    0.15632E+05
    0.84775E-02    0.15772E+05
    0.86488E-02    0.15910E+05
    0.88235E-02    0.16045E+05
    0.90017E-02    0.16178E+05
    0.91836E-02    0.16308E+05
    0.93691E-02    0.16436E+05
    0.95583E-02    0.16560E+05
    0.97514E-02    0.16682E+05
    0.99484E-02    0.16799E+05
    0.10149E-01    0.16914E+05
    0.10354E-01    0.17025E+05
    0.10564E-01    0.17132E+05
    0.10777E-01    0.17235E+05
    0.10995E-01    0.17333E+05
    0.11217E-01    0.17427E+05
    0.11443E-01    0.17517E+05
    0.11675E-01    0.17601E+05
    0.11910E-01    0.17681E+05
    0.12151E-01    0.17755E+05
    0.12397E-01    0.17825E+05
    0.12647E-01    0.17889E+05
    0.12902E-01    0.17947E+05
    0.13163E-01    0.17999E+05
    0.13429E-01    0.18045E+05
    0.13700E-01    0.18083E+05
    0.13977E-01    0.18113E+05
    0.14259E-01    0.18136E+05
    0.14547E-01    0.18153E+05
    0.14841E-01    0.18165E+05
    0.15141E-01    0.18173E+05
    0.15447E-01    0.18178E+05
    0.15759E-01    0.18179E+05
    0.16077E-01    0.18174E+05
    0.16402E-01    0.18160E+05
    0.16734E-01    0.18135E+05
    0.17072E-01    0.18098E+05
    0.17416E-01    0.18050E+05
    0.17768E-01    0.17990E+05
    0.18127E-01    0.17922E+05
    0.18493E-01    0.17845E+05
    0.18867E-01    0.17762E+05
    0.19248E-01    0.17670E+05
    0.19637E-01    0.17570E+05
    0.20034E-01    0.17459E+05
    0.20438E-01    0.17337E+05
    0.20851E-01    0.17203E+05
    0.21272E-01    0.17057E+05
    0.21702E-01    0.16901E+05
    0.22141E-01    0.16737E+05
    0.22588E-01    0.16567E+05
    0.23044E-01    0.16391E+05
    0.23510E-01    0.16209E+05
    0.23985E-01    0.16023E+05
    0.24469E-01    0.15831E+05
    0.24964E-01    0.15633E+05
    0.25468E-01    0.15430E+05
    0.25982E-01    0.15221E+05
    0.26507E-01    0.15007E+05
    0.27043E-01    0.14787E+05
    0.27589E-01    0.14560E+05
    0.28146E-01    0.14327E+05
    0.28715E-01    0.14089E+05
    0.29295E-01    0.13847E+05
    0.29887E-01    0.13601E+05
    0.30490E-01    0.13352E+05
    0.31106E-01    0.13100E+05
    0.31735E-01    0.12848E+05
    0.32376E-01    0.12595E+05
    0.33030E-01    0.12344E+05
    0.33697E-01    0.12094E+05
    0.34378E-01    0.11846E+05
    0.35072E-01    0.11601E+05
    0.35781E-01    0.11361E+05
    0.36504E-01    0.11124E+05
    0.37241E-01    0.10891E+05
    0.37993E-01    0.10664E+05
    0.38761E-01    0.10442E+05
    0.39544E-01    0.10225E+05
    0.40343E-01    0.10014E+05
    0.41158E-01    0.98103E+04
    0.41989E-01    0.96128E+04
    0.42838E-01    0.94228E+04
    0.43703E-01    0.92408E+04
    0.44586E-01    0.90675E+04
    0.45486E-01    0.89034E+04
    0.46405E-01    0.87483E+04
    0.47343E-01    0.86016E+04
    0.48299E-01    0.84625E+04
    0.49275E-01    0.83303E+04
    0.50270E-01    0.82045E+04
    0.51286E-01    0.80844E+04
    0.52322E-01    0.79695E+04
    0.53379E-01    0.78592E+04
    0.54457E-01    0.77529E+04
    0.55557E-01    0.76495E+04
    0.56680E-01    0.75478E+04
    0.57825E-01    0.74465E+04
    0.58993E-01    0.73449E+04
    0.60184E-01    0.72419E+04
    0.61400E-01    0.71366E+04
    0.62641E-01    0.70281E+04
    0.63906E-01    0.69148E+04
    0.65197E-01    0.67950E+04
    0.66514E-01    0.66676E+04
    0.67858E-01    0.65334E+04
    0.69229E-01    0.63944E+04
    0.70627E-01    0.62520E+04
    0.72054E-01    0.61040E+04
    0.73510E-01    0.59469E+04
    0.74994E-01    0.57780E+04
    0.76509E-01    0.55997E+04
    0.78055E-01    0.54159E+04
    0.79632E-01    0.52294E+04
    0.81241E-01    0.50416E+04
    0.82882E-01    0.48535E+04
    0.84556E-01    0.46670E+04
    0.86264E-01    0.44841E+04
    0.88007E-01    0.43069E+04
    0.89785E-01    0.41374E+04
    0.91598E-01    0.39771E+04
    0.93449E-01    0.38276E+04
    0.95337E-01    0.36901E+04
    0.97263E-01    0.35655E+04
    0.99227E-01    0.34540E+04
    0.10123E+00    0.33554E+04
    0.10328E+00    0.32693E+04
    0.10536E+00    0.31943E+04
    0.10749E+00    0.31288E+04
    0.10966E+00    0.30710E+04
    0.11188E+00    0.30185E+04
    0.11414E+00    0.29690E+04
    0.11644E+00    0.29200E+04
    0.11880E+00    0.28688E+04
    0.12120E+00    0.28133E+04
    0.12365E+00    0.27514E+04
    0.12614E+00    0.26819E+04
    0.12869E+00    0.26042E+04
    0.13129E+00    0.25185E+04
    0.13394E+00    0.24259E+04
    0.13665E+00    0.23279E+04
    0.13941E+00    0.22266E+04
    0.14223E+00    0.21244E+04
    0.14510E+00    0.20239E+04
    0.14803E+00    0.19279E+04
    0.15102E+00    0.18392E+04
    0.15407E+00    0.17599E+04
    0.15718E+00    0.16911E+04
    0.16036E+00    0.16330E+04
    0.16360E+00    0.15845E+04
    0.16690E+00    0.15439E+04
    0.17028E+00    0.15090E+04
    0.17371E+00    0.14775E+04
    0.17722E+00    0.14468E+04
    0.18080E+00    0.14143E+04
    0.18446E+00    0.13778E+04
    0.18818E+00    0.13355E+04
    0.19198E+00    0.12874E+04
    0.19586E+00    0.12345E+04
    0.19982E+00    0.11788E+04
    0.20386E+00    0.11227E+04
    0.20797E+00    0.10686E+04
    0.21218E+00    0.10185E+04
    0.21646E+00    0.97404E+03
    0.22083E+00    0.93614E+03
    0.22530E+00    0.90446E+03
    0.22985E+00    0.87774E+03
    0.23449E+00    0.85405E+03
    0.23923E+00    0.83122E+03
    0.24406E+00    0.80721E+03
    0.24899E+00    0.78063E+03
    0.25402E+00    0.75108E+03
    0.25915E+00    0.71926E+03
    0.26439E+00    0.68658E+03
    0.26973E+00    0.65466E+03
    0.27518E+00    0.62504E+03
    0.28074E+00    0.59876E+03
    0.28641E+00    0.57607E+03
    0.29219E+00    0.55631E+03
    0.29810E+00    0.53823E+03
    0.30412E+00    0.52050E+03
    0.31026E+00    0.50208E+03
    0.31653E+00    0.48250E+03
    0.32292E+00    0.46202E+03
    0.32945E+00    0.44153E+03
    0.33610E+00    0.42204E+03
    0.34289E+00    0.40419E+03
    0.34982E+00    0.38815E+03
    0.35689E+00    0.37364E+03
    0.36409E+00    0.35994E+03
    0.37145E+00    0.34634E+03
    0.37895E+00    0.33250E+03
    0.38661E+00    0.31848E+03
    0.39442E+00    0.30470E+03
    0.40239E+00    0.29163E+03
    0.41052E+00    0.27952E+03
    0.41881E+00    0.26832E+03
    0.42727E+00    0.25772E+03
    0.43590E+00    0.24738E+03
    0.44471E+00    0.23713E+03
    0.45369E+00    0.22703E+03
    0.46286E+00    0.21731E+03
    0.47221E+00    0.20811E+03
    0.48174E+00    0.19945E+03
    0.49148E+00    0.19123E+03
    0.50141E+00    0.18326E+03
    0.51153E+00    0.17549E+03
    0.52187E+00    0.16796E+03
    0.53241E+00    0.16077E+03
    0.54317E+00    0.15392E+03
    0.55414E+00    0.14738E+03
    0.56533E+00    0.14108E+03
    0.57675E+00    0.13503E+03
    0.58840E+00    0.12921E+03
    0.60029E+00    0.12364E+03
    0.61242E+00    0.11829E+03
    0.62479E+00    0.11316E+03
    0.63741E+00    0.10825E+03
    0.65029E+00    0.10354E+03
    0.66342E+00    0.99024E+02
    0.67683E+00    0.94698E+02
    0.69050E+00    0.90552E+02
    0.70445E+00    0.86579E+02
    0.71868E+00    0.82772E+02
    0.73320E+00    0.79124E+02
    0.74801E+00    0.75629E+02
    0.76312E+00    0.72281E+02
    0.77854E+00    0.69075E+02
    0.79426E+00    0.66004E+02
    0.81031E+00    0.63064E+02
    0.82668E+00    0.60250E+02
    0.84338E+00    0.57555E+02
    0.86041E+00    0.54977E+02
    0.87780E+00    0.52509E+02
    0.89553E+00    0.50147E+02
    0.91362E+00    0.47888E+02
    0.93208E+00    0.45727E+02
    0.95091E+00    0.43659E+02
    0.97011E+00    0.41682E+02
    0.98971E+00    0.39790E+02
    0.10097E+01    0.37982E+02
    0.10301E+01    0.36253E+02
    0.10509E+01    0.34599E+02
    0.10721E+01    0.33018E+02
    0.10938E+01    0.31508E+02
    0.11159E+01    0.30063E+02
    0.11384E+01    0.28683E+02
    0.11614E+01    0.27364E+02
    0.11849E+01    0.26104E+02
    0.12088E+01    0.24899E+02
    0.12333E+01    0.23749E+02
    0.12582E+01    0.22650E+02
    0.12836E+01    0.21600E+02
    0.13095E+01    0.20597E+02
    0.13360E+01    0.19640E+02
    0.13630E+01    0.18725E+02
    0.13905E+01    0.17852E+02
    0.14186E+01    0.17019E+02
    0.14472E+01    0.16223E+02
    0.14765E+01    0.15463E+02
    0.15063E+01    0.14738E+02
    0.15367E+01    0.14046E+02
    0.15678E+01    0.13385E+02
    0.15994E+01    0.12755E+02
    0.16318E+01    0.12154E+02
    0.16647E+01    0.11580E+02
    0.16984E+01    0.11032E+02
    0.17327E+01    0.10510E+02
    0.17677E+01    0.10012E+02
    0.18034E+01    0.95367E+01
    0.18398E+01    0.90835E+01
    0.18770E+01    0.86513E+01
    0.19149E+01    0.82391E+01
    0.19536E+01    0.78461E+01
    0.19930E+01    0.74714E+01
    0.20333E+01    0.71141E+01
    0.20744E+01    0.67735E+01
    0.21163E+01    0.64489E+01
    0.21590E+01    0.61394E+01
    0.22026E+01    0.58444E+01
    0.22471E+01    0.55633E+01
    0.22925E+01    0.52954E+01
    0.23388E+01    0.50402E+01
    0.23861E+01    0.47969E+01
    0.24343E+01    0.45652E+01
    0.24835E+01    0.43444E+01
    0.25336E+01    0.41340E+01
    0.25848E+01    0.39336E+01
    0.26370E+01    0.37427E+01
    0.26903E+01    0.35609E+01
    0.27447E+01    0.33878E+01
    0.28001E+01    0.32229E+01
    0.28567E+01    0.30658E+01
    0.29144E+01    0.29163E+01
    0.29733E+01    0.27739E+01
    0.30333E+01    0.26383E+01
    0.30946E+01    0.25093E+01
    0.31571E+01    0.23864E+01
    0.32209E+01    0.22694E+01
    0.32860E+01    0.21580E+01
    0.33523E+01    0.20521E+01
    0.34201E+01    0.19512E+01
    0.34892E+01    0.18552E+01
    0.35596E+01    0.17638E+01
    0.36316E+01    0.16769E+01
    0.37049E+01    0.15941E+01
    0.37798E+01    0.15154E+01
    0.38561E+01    0.14405E+01
    0.39340E+01    0.13692E+01
    0.40135E+01    0.13014E+01
    0.40946E+01    0.12369E+01
    0.41773E+01    0.11756E+01
    0.42617E+01    0.11172E+01
    0.43478E+01    0.10617E+01
    0.44356E+01    0.10089E+01
    0.45252E+01    0.95869E+00
    0.46166E+01    0.91094E+00
    0.47099E+01    0.86552E+00
    0.48050E+01    0.82234E+00
    0.49021E+01    0.78128E+00
    0.50011E+01    0.74223E+00
    0.51021E+01    0.70511E+00
    0.52052E+01    0.66982E+00
    0.53104E+01    0.63627E+00
    0.54176E+01    0.60437E+00
    0.55271E+01    0.57405E+00
    0.56387E+01    0.54523E+00
    0.57526E+01    0.51783E+00
    0.58689E+01    0.49179E+00
    0.59874E+01    0.46705E+00
    0.61084E+01    0.44353E+00
    0.62318E+01    0.42118E+00
    0.63577E+01    0.39994E+00
    0.64861E+01    0.37975E+00
    0.66171E+01    0.36058E+00
    0.67508E+01    0.34235E+00
    0.68872E+01    0.32504E+00
    0.70263E+01    0.30859E+00
    0.71682E+01    0.29296E+00
    0.73130E+01    0.27811E+00
    0.74608E+01    0.26401E+00
    0.76115E+01    0.25061E+00
    0.77653E+01    0.23789E+00
    0.79221E+01    0.22580E+00
    0.80822E+01    0.21432E+00
    0.82454E+01    0.20341E+00
    0.84120E+01    0.19306E+00
    0.85819E+01    0.18322E+00
    0.87553E+01    0.17388E+00
    0.89322E+01    0.16501E+00
    0.91126E+01    0.15659E+00
    0.92967E+01    0.14859E+00
    0.94845E+01    0.14099E+00
    0.96761E+01    0.13378E+00
    0.98716E+01    0.12694E+00
    0.10071E+02    0.12044E+00
    0.10274E+02    0.11427E+00
    0.10482E+02    0.10841E+00
    0.10694E+02    0.10285E+00
    0.10910E+02    0.97570E-01
    0.11130E+02    0.92560E-01
    0.11355E+02    0.87803E-01
    0.11584E+02    0.83289E-01
    0.11818E+02    0.79004E-01
    0.12057E+02    0.74938E-01
    0.12301E+02    0.71078E-01
    0.12549E+02    0.67415E-01
    0.12803E+02    0.63939E-01
    0.13061E+02    0.60640E-01
    0.13325E+02    0.57510E-01
    0.13594E+02    0.54540E-01
    0.13869E+02    0.51721E-01
    0.14149E+02    0.49047E-01
    0.14435E+02    0.46510E-01
    0.14727E+02    0.44102E-01
    0.15024E+02    0.41818E-01
    0.15328E+02    0.39652E-01
    0.15637E+02    0.37596E-01
    0.15953E+02    0.35646E-01
    0.16275E+02    0.33796E-01
    0.16604E+02    0.32041E-01
    0.16940E+02    0.30376E-01
    0.17282E+02    0.28797E-01
    0.17631E+02    0.27300E-01
    0.17987E+02    0.25879E-01
    0.18351E+02    0.24532E-01
    0.18721E+02    0.23254E-01
    0.19099E+02    0.22043E-01
    0.19485E+02    0.20893E-01
    0.19879E+02    0.19803E-01
    0.20280E+02    0.18770E-01
    0.20690E+02    0.17790E-01
    0.21108E+02    0.16860E-01
    0.21535E+02    0.15979E-01
    0.21970E+02    0.15144E-01
    0.22413E+02    0.14351E-01
    0.22866E+02    0.13600E-01
    0.23328E+02    0.12888E-01
    0.23799E+02    0.12212E-01
    0.24280E+02    0.11572E-01
    0.24771E+02    0.10965E-01
    0.25271E+02    0.10390E-01
    0.25782E+02    0.98444E-02
    0.26302E+02    0.93274E-02
    0.26834E+02    0.88372E-02
    0.27376E+02    0.83726E-02
    0.27929E+02    0.79322E-02
    0.28493E+02    0.75147E-02
    0.29069E+02    0.71191E-02
    0.29656E+02    0.67441E-02
    0.30255E+02    0.63886E-02
    0.30866E+02    0.60517E-02
    0.31490E+02    0.57325E-02
    0.32126E+02    0.54299E-02
    0.32775E+02    0.51432E-02
    0.33437E+02    0.48714E-02
    0.34112E+02    0.46139E-02
    0.34801E+02    0.43699E-02
    0.35504E+02    0.41387E-02
    0.36222E+02    0.39196E-02
    0.36953E+02    0.37120E-02
    0.37700E+02    0.35153E-02
    0.38462E+02    0.33289E-02
    0.39239E+02    0.31523E-02
    0.40031E+02    0.29850E-02
    0.40840E+02    0.28266E-02
    0.41665E+02    0.26764E-02
    0.42507E+02    0.25342E-02
    0.43365E+02    0.23994E-02
    0.44241E+02    0.22718E-02
    0.45135E+02    0.21508E-02
    0.46047E+02    0.20362E-02
    0.46977E+02    0.19277E-02
    0.47926E+02    0.18248E-02
    0.48894E+02    0.17274E-02
    0.49882E+02    0.16351E-02
    0.50890E+02    0.15477E-02
    0.51918E+02    0.14650E-02
    0.52966E+02    0.13866E-02
    0.54036E+02    0.13123E-02
    0.55128E+02    0.12421E-02
    0.56242E+02    0.11755E-02
    0.57378E+02    0.11126E-02
    0.58537E+02    0.10529E-02
