    0.10000E-03    0.52769E+03
    0.10202E-03    0.53792E+03
    0.10408E-03    0.54834E+03
    0.10618E-03    0.55896E+03
    0.10833E-03    0.56979E+03
    0.11052E-03    0.58083E+03
    0.11275E-03    0.59208E+03
    0.11503E-03    0.60355E+03
    0.11735E-03    0.61524E+03
    0.11972E-03    0.62715E+03
    0.12214E-03    0.63930E+03
    0.12461E-03    0.65168E+03
    0.12712E-03    0.66430E+03
    0.12969E-03    0.67717E+03
    0.13231E-03    0.69028E+03
    0.13499E-03    0.70365E+03
    0.13771E-03    0.71727E+03
    0.14049E-03    0.73116E+03
    0.14333E-03    0.74532E+03
    0.14623E-03    0.75975E+03
    0.14918E-03    0.77446E+03
    0.15220E-03    0.78945E+03
    0.15527E-03    0.80473E+03
    0.15841E-03    0.82031E+03
    0.16161E-03    0.83619E+03
    0.16487E-03    0.85237E+03
    0.16820E-03    0.86887E+03
    0.17160E-03    0.88568E+03
    0.17507E-03    0.90282E+03
    0.17860E-03    0.92029E+03
    0.18221E-03    0.93809E+03
    0.18589E-03    0.95624E+03
    0.18965E-03    0.97474E+03
    0.19348E-03    0.99360E+03
    0.19739E-03    0.10128E+04
    0.20138E-03    0.10324E+04
    0.20544E-03    0.10524E+04
    0.20959E-03    0.10727E+04
    0.21383E-03    0.10935E+04
    0.21815E-03    0.11146E+04
    0.22255E-03    0.11361E+04
    0.22705E-03    0.11581E+04
    0.23164E-03    0.11805E+04
    0.23632E-03    0.12033E+04
    0.24109E-03    0.12265E+04
    0.24596E-03    0.12502E+04
    0.25093E-03    0.12744E+04
    0.25600E-03    0.12990E+04
    0.26117E-03    0.13241E+04
    0.26645E-03    0.13496E+04
    0.27183E-03    0.13757E+04
    0.27732E-03    0.14022E+04
    0.28292E-03    0.14293E+04
    0.28864E-03    0.14569E+04
    0.29447E-03    0.14850E+04
    0.30042E-03    0.15136E+04
    0.30649E-03    0.15428E+04
    0.31268E-03    0.15725E+04
    0.31899E-03    0.16028E+04
    0.32544E-03    0.16337E+04
    0.33201E-03    0.16652E+04
    0.33872E-03    0.16973E+04
    0.34556E-03    0.17300E+04
    0.35254E-03    0.17633E+04
    0.35966E-03    0.17972E+04
    0.36693E-03    0.18318E+04
    0.37434E-03    0.18670E+04
    0.38190E-03    0.19029E+04
    0.38962E-03    0.19395E+04
    0.39749E-03    0.19768E+04
    0.40552E-03    0.20147E+04
    0.41371E-03    0.20534E+04
    0.42207E-03    0.20929E+04
    0.43060E-03    0.21330E+04
    0.43929E-03    0.21740E+04
    0.44817E-03    0.22156E+04
    0.45722E-03    0.22581E+04
    0.46646E-03    0.23014E+04
    0.47588E-03    0.23455E+04
    0.48550E-03    0.23904E+04
    0.49530E-03    0.24361E+04
    0.50531E-03    0.24827E+04
    0.51552E-03    0.25302E+04
    0.52593E-03    0.25785E+04
    0.53656E-03    0.26278E+04
    0.54739E-03    0.26779E+04
    0.55845E-03    0.27290E+04
    0.56973E-03    0.27811E+04
    0.58124E-03    0.28341E+04
    0.59299E-03    0.28880E+04
    0.60496E-03    0.29430E+04
    0.61719E-03    0.29990E+04
    0.62965E-03    0.30560E+04
    0.64237E-03    0.31140E+04
    0.65535E-03    0.31732E+04
    0.66859E-03    0.32334E+04
    0.68210E-03    0.32947E+04
    0.69588E-03    0.33571E+04
    0.70993E-03    0.34206E+04
    0.72427E-03    0.34853E+04
    0.73891E-03    0.35512E+04
    0.75383E-03    0.36182E+04
    0.76906E-03    0.36865E+04
    0.78460E-03    0.37560E+04
    0.80045E-03    0.38267E+04
    0.81662E-03    0.38987E+04
    0.83311E-03    0.39720E+04
    0.84994E-03    0.40466E+04
    0.86711E-03    0.41225E+04
    0.88463E-03    0.41998E+04
    0.90250E-03    0.42784E+04
    0.92073E-03    0.43584E+04
    0.93933E-03    0.44398E+04
    0.95831E-03    0.45227E+04
    0.97767E-03    0.46070E+04
    0.99742E-03    0.46927E+04
    0.10176E-02    0.47800E+04
    0.10381E-02    0.48687E+04
    0.10591E-02    0.49590E+04
    0.10805E-02    0.50509E+04
    0.11023E-02    0.51443E+04
    0.11246E-02    0.52393E+04
    0.11473E-02    0.53359E+04
    0.11705E-02    0.54341E+04
    0.11941E-02    0.55341E+04
    0.12182E-02    0.56356E+04
    0.12429E-02    0.57389E+04
    0.12680E-02    0.58439E+04
    0.12936E-02    0.59507E+04
    0.13197E-02    0.60592E+04
    0.13464E-02    0.61695E+04
    0.13736E-02    0.62816E+04
    0.14013E-02    0.63955E+04
    0.14296E-02    0.65112E+04
    0.14585E-02    0.66288E+04
    0.14880E-02    0.67483E+04
    0.15180E-02    0.68697E+04
    0.15487E-02    0.69931E+04
    0.15800E-02    0.71183E+04
    0.16119E-02    0.72455E+04
    0.16445E-02    0.73747E+04
    0.16777E-02    0.75059E+04
    0.17116E-02    0.76391E+04
    0.17462E-02    0.77743E+04
    0.17814E-02    0.79116E+04
    0.18174E-02    0.80509E+04
    0.18541E-02    0.81923E+04
    0.18916E-02    0.83357E+04
    0.19298E-02    0.84813E+04
    0.19688E-02    0.86290E+04
    0.20086E-02    0.87788E+04
    0.20491E-02    0.89307E+04
    0.20905E-02    0.90848E+04
    0.21328E-02    0.92411E+04
    0.21758E-02    0.93995E+04
    0.22198E-02    0.95601E+04
    0.22646E-02    0.97228E+04
    0.23104E-02    0.98878E+04
    0.23571E-02    0.10055E+05
    0.24047E-02    0.10224E+05
    0.24533E-02    0.10396E+05
    0.25028E-02    0.10569E+05
    0.25534E-02    0.10745E+05
    0.26050E-02    0.10923E+05
    0.26576E-02    0.11104E+05
    0.27113E-02    0.11286E+05
    0.27660E-02    0.11471E+05
    0.28219E-02    0.11658E+05
    0.28789E-02    0.11846E+05
    0.29371E-02    0.12038E+05
    0.29964E-02    0.12231E+05
    0.30569E-02    0.12426E+05
    0.31187E-02    0.12624E+05
    0.31817E-02    0.12823E+05
    0.32460E-02    0.13025E+05
    0.33115E-02    0.13228E+05
    0.33784E-02    0.13434E+05
    0.34467E-02    0.13641E+05
    0.35163E-02    0.13851E+05
    0.35874E-02    0.14062E+05
    0.36598E-02    0.14276E+05
    0.37338E-02    0.14491E+05
    0.38092E-02    0.14708E+05
    0.38861E-02    0.14926E+05
    0.39646E-02    0.15147E+05
    0.40447E-02    0.15369E+05
    0.41264E-02    0.15593E+05
    0.42098E-02    0.15818E+05
    0.42948E-02    0.16044E+05
    0.43816E-02    0.16272E+05
    0.44701E-02    0.16502E+05
    0.45604E-02    0.16733E+05
    0.46525E-02    0.16965E+05
    0.47465E-02    0.17198E+05
    0.48424E-02    0.17432E+05
    0.49402E-02    0.17667E+05
    0.50400E-02    0.17903E+05
    0.51419E-02    0.18139E+05
    0.52457E-02    0.18377E+05
    0.53517E-02    0.18615E+05
    0.54598E-02    0.18853E+05
    0.55701E-02    0.19092E+05
    0.56826E-02    0.19331E+05
    0.57974E-02    0.19570E+05
    0.59145E-02    0.19810E+05
    0.60340E-02    0.20049E+05
    0.61559E-02    0.20288E+05
    0.62803E-02    0.20526E+05
    0.64072E-02    0.20764E+05
    0.65366E-02    0.21001E+05
    0.66686E-02    0.21238E+05
    0.68033E-02    0.21473E+05
    0.69408E-02    0.21707E+05
    0.70810E-02    0.21940E+05
    0.72240E-02    0.22171E+05
    0.73700E-02    0.22401E+05
    0.75189E-02    0.22629E+05
    0.76708E-02    0.22855E+05
    0.78257E-02    0.23078E+05
    0.79838E-02    0.23299E+05
    0.81451E-02    0.23518E+05
    0.83096E-02    0.23733E+05
    0.84775E-02    0.23946E+05
    0.86488E-02    0.24155E+05
    0.88235E-02    0.24360E+05
    0.90017E-02    0.24562E+05
    0.91836E-02    0.24760E+05
    0.93691E-02    0.24953E+05
    0.95583E-02    0.25142E+05
    0.97514E-02    0.25326E+05
    0.99484E-02    0.25505E+05
    0.10149E-01    0.25679E+05
    0.10354E-01    0.25847E+05
    0.10564E-01    0.26010E+05
    0.10777E-01    0.26166E+05
    0.10995E-01    0.26316E+05
    0.11217E-01    0.26459E+05
    0.11443E-01    0.26594E+05
    0.11675E-01    0.26723E+05
    0.11910E-01    0.26844E+05
    0.12151E-01    0.26957E+05
    0.12397E-01    0.27062E+05
    0.12647E-01    0.27159E+05
    0.12902E-01    0.27248E+05
    0.13163E-01    0.27327E+05
    0.13429E-01    0.27396E+05
    0.13700E-01    0.27453E+05
    0.13977E-01    0.27499E+05
    0.14259E-01    0.27534E+05
    0.14547E-01    0.27560E+05
    0.14841E-01    0.27578E+05
    0.15141E-01    0.27591E+05
    0.15447E-01    0.27599E+05
    0.15759E-01    0.27600E+05
    0.16077E-01    0.27592E+05
    0.16402E-01    0.27571E+05
    0.16734E-01    0.27533E+05
    0.17072E-01    0.27477E+05
    0.17416E-01    0.27403E+05
    0.17768E-01    0.27313E+05
    0.18127E-01    0.27209E+05
    0.18493E-01    0.27093E+05
    0.18867E-01    0.26966E+05
    0.19248E-01    0.26828E+05
    0.19637E-01    0.26675E+05
    0.20034E-01    0.26507E+05
    0.20438E-01    0.26322E+05
    0.20851E-01    0.26118E+05
    0.21272E-01    0.25896E+05
    0.21702E-01    0.25660E+05
    0.22141E-01    0.25411E+05
    0.22588E-01    0.25152E+05
    0.23044E-01    0.24885E+05
    0.23510E-01    0.24610E+05
    0.23985E-01    0.24326E+05
    0.24469E-01    0.24034E+05
    0.24964E-01    0.23734E+05
    0.25468E-01    0.23426E+05
    0.25982E-01    0.23110E+05
    0.26507E-01    0.22784E+05
    0.27043E-01    0.22449E+05
    0.27589E-01    0.22105E+05
    0.28146E-01    0.21752E+05
    0.28715E-01    0.21391E+05
    0.29295E-01    0.21023E+05
    0.29887E-01    0.20649E+05
    0.30490E-01    0.20271E+05
    0.31106E-01    0.19889E+05
    0.31735E-01    0.19506E+05
    0.32376E-01    0.19123E+05
    0.33030E-01    0.18740E+05
    0.33697E-01    0.18361E+05
    0.34378E-01    0.17985E+05
    0.35072E-01    0.17614E+05
    0.35781E-01    0.17248E+05
    0.36504E-01    0.16888E+05
    0.37241E-01    0.16535E+05
    0.37993E-01    0.16190E+05
    0.38761E-01    0.15853E+05
    0.39544E-01    0.15524E+05
    0.40343E-01    0.15204E+05
    0.41158E-01    0.14894E+05
    0.41989E-01    0.14594E+05
    0.42838E-01    0.14306E+05
    0.43703E-01    0.14030E+05
    0.44586E-01    0.13766E+05
    0.45486E-01    0.13517E+05
    0.46405E-01    0.13282E+05
    0.47343E-01    0.13059E+05
    0.48299E-01    0.12848E+05
    0.49275E-01    0.12647E+05
    0.50270E-01    0.12456E+05
    0.51286E-01    0.12274E+05
    0.52322E-01    0.12099E+05
    0.53379E-01    0.11932E+05
    0.54457E-01    0.11771E+05
    0.55557E-01    0.11614E+05
    0.56680E-01    0.11459E+05
    0.57825E-01    0.11306E+05
    0.58993E-01    0.11151E+05
    0.60184E-01    0.10995E+05
    0.61400E-01    0.10835E+05
    0.62641E-01    0.10670E+05
    0.63906E-01    0.10498E+05
    0.65197E-01    0.10316E+05
    0.66514E-01    0.10123E+05
    0.67858E-01    0.99192E+04
    0.69229E-01    0.97081E+04
    0.70627E-01    0.94919E+04
    0.72054E-01    0.92673E+04
    0.73510E-01    0.90287E+04
    0.74994E-01    0.87723E+04
    0.76509E-01    0.85016E+04
    0.78055E-01    0.82225E+04
    0.79632E-01    0.79394E+04
    0.81241E-01    0.76542E+04
    0.82882E-01    0.73687E+04
    0.84556E-01    0.70855E+04
    0.86264E-01    0.68079E+04
    0.88007E-01    0.65389E+04
    0.89785E-01    0.62815E+04
    0.91598E-01    0.60382E+04
    0.93449E-01    0.58112E+04
    0.95337E-01    0.56024E+04
    0.97263E-01    0.54132E+04
    0.99227E-01    0.52439E+04
    0.10123E+00    0.50943E+04
    0.10328E+00    0.49636E+04
    0.10536E+00    0.48496E+04
    0.10749E+00    0.47502E+04
    0.10966E+00    0.46625E+04
    0.11188E+00    0.45828E+04
    0.11414E+00    0.45077E+04
    0.11644E+00    0.44332E+04
    0.11880E+00    0.43555E+04
    0.12120E+00    0.42712E+04
    0.12365E+00    0.41773E+04
    0.12614E+00    0.40718E+04
    0.12869E+00    0.39537E+04
    0.13129E+00    0.38237E+04
    0.13394E+00    0.36830E+04
    0.13665E+00    0.35343E+04
    0.13941E+00    0.33805E+04
    0.14223E+00    0.32253E+04
    0.14510E+00    0.30727E+04
    0.14803E+00    0.29270E+04
    0.15102E+00    0.27923E+04
    0.15407E+00    0.26719E+04
    0.15718E+00    0.25675E+04
    0.16036E+00    0.24793E+04
    0.16360E+00    0.24057E+04
    0.16690E+00    0.23440E+04
    0.17028E+00    0.22910E+04
    0.17371E+00    0.22431E+04
    0.17722E+00    0.21965E+04
    0.18080E+00    0.21473E+04
    0.18446E+00    0.20918E+04
    0.18818E+00    0.20276E+04
    0.19198E+00    0.19545E+04
    0.19586E+00    0.18742E+04
    0.19982E+00    0.17897E+04
    0.20386E+00    0.17046E+04
    0.20797E+00    0.16223E+04
    0.21218E+00    0.15462E+04
    0.21646E+00    0.14788E+04
    0.22083E+00    0.14213E+04
    0.22530E+00    0.13732E+04
    0.22985E+00    0.13326E+04
    0.23449E+00    0.12966E+04
    0.23923E+00    0.12620E+04
    0.24406E+00    0.12255E+04
    0.24899E+00    0.11852E+04
    0.25402E+00    0.11403E+04
    0.25915E+00    0.10920E+04
    0.26439E+00    0.10424E+04
    0.26973E+00    0.99393E+03
    0.27518E+00    0.94895E+03
    0.28074E+00    0.90905E+03
    0.28641E+00    0.87460E+03
    0.29219E+00    0.84460E+03
    0.29810E+00    0.81716E+03
    0.30412E+00    0.79023E+03
    0.31026E+00    0.76226E+03
    0.31653E+00    0.73254E+03
    0.32292E+00    0.70145E+03
    0.32945E+00    0.67034E+03
    0.33610E+00    0.64076E+03
    0.34289E+00    0.61365E+03
    0.34982E+00    0.58929E+03
    0.35689E+00    0.56727E+03
    0.36409E+00    0.54647E+03
    0.37145E+00    0.52582E+03
    0.37895E+00    0.50481E+03
    0.38661E+00    0.48353E+03
    0.39442E+00    0.46260E+03
    0.40239E+00    0.44276E+03
    0.41052E+00    0.42438E+03
    0.41881E+00    0.40737E+03
    0.42727E+00    0.39128E+03
    0.43590E+00    0.37557E+03
    0.44471E+00    0.36002E+03
    0.45369E+00    0.34469E+03
    0.46286E+00    0.32992E+03
    0.47221E+00    0.31596E+03
    0.48174E+00    0.30281E+03
    0.49148E+00    0.29033E+03
    0.50141E+00    0.27823E+03
    0.51153E+00    0.26644E+03
    0.52187E+00    0.25501E+03
    0.53241E+00    0.24408E+03
    0.54317E+00    0.23369E+03
    0.55414E+00    0.22375E+03
    0.56533E+00    0.21419E+03
    0.57675E+00    0.20500E+03
    0.58840E+00    0.19617E+03
    0.60029E+00    0.18771E+03
    0.61242E+00    0.17959E+03
    0.62479E+00    0.17181E+03
    0.63741E+00    0.16435E+03
    0.65029E+00    0.15719E+03
    0.66342E+00    0.15034E+03
    0.67683E+00    0.14377E+03
    0.69050E+00    0.13748E+03
    0.70445E+00    0.13145E+03
    0.71868E+00    0.12567E+03
    0.73320E+00    0.12013E+03
    0.74801E+00    0.11482E+03
    0.76312E+00    0.10974E+03
    0.77854E+00    0.10487E+03
    0.79426E+00    0.10021E+03
    0.81031E+00    0.95746E+02
    0.82668E+00    0.91473E+02
    0.84338E+00    0.87382E+02
    0.86041E+00    0.83467E+02
    0.87780E+00    0.79720E+02
    0.89553E+00    0.76135E+02
    0.91362E+00    0.72705E+02
    0.93208E+00    0.69423E+02
    0.95091E+00    0.66284E+02
    0.97011E+00    0.63282E+02
    0.98971E+00    0.60411E+02
    0.10097E+01    0.57665E+02
    0.10301E+01    0.55039E+02
    0.10509E+01    0.52529E+02
    0.10721E+01    0.50129E+02
    0.10938E+01    0.47835E+02
    0.11159E+01    0.45643E+02
    0.11384E+01    0.43547E+02
    0.11614E+01    0.41545E+02
    0.11849E+01    0.39631E+02
    0.12088E+01    0.37803E+02
    0.12333E+01    0.36056E+02
    0.12582E+01    0.34387E+02
    0.12836E+01    0.32794E+02
    0.13095E+01    0.31271E+02
    0.13360E+01    0.29818E+02
    0.13630E+01    0.28429E+02
    0.13905E+01    0.27104E+02
    0.14186E+01    0.25838E+02
    0.14472E+01    0.24630E+02
    0.14765E+01    0.23477E+02
    0.15063E+01    0.22376E+02
    0.15367E+01    0.21325E+02
    0.15678E+01    0.20322E+02
    0.15994E+01    0.19365E+02
    0.16318E+01    0.18452E+02
    0.16647E+01    0.17581E+02
    0.16984E+01    0.16750E+02
    0.17327E+01    0.15957E+02
    0.17677E+01    0.15200E+02
    0.18034E+01    0.14479E+02
    0.18398E+01    0.13791E+02
    0.18770E+01    0.13135E+02
    0.19149E+01    0.12509E+02
    0.19536E+01    0.11912E+02
    0.19930E+01    0.11343E+02
    0.20333E+01    0.10801E+02
    0.20744E+01    0.10284E+02
    0.21163E+01    0.97908E+01
    0.21590E+01    0.93210E+01
    0.22026E+01    0.88732E+01
    0.22471E+01    0.84464E+01
    0.22925E+01    0.80397E+01
    0.23388E+01    0.76521E+01
    0.23861E+01    0.72828E+01
    0.24343E+01    0.69309E+01
    0.24835E+01    0.65957E+01
    0.25336E+01    0.62763E+01
    0.25848E+01    0.59721E+01
    0.26370E+01    0.56823E+01
    0.26903E+01    0.54063E+01
    0.27447E+01    0.51434E+01
    0.28001E+01    0.48930E+01
    0.28567E+01    0.46546E+01
    0.29144E+01    0.44276E+01
    0.29733E+01    0.42114E+01
    0.30333E+01    0.40056E+01
    0.30946E+01    0.38096E+01
    0.31571E+01    0.36230E+01
    0.32209E+01    0.34455E+01
    0.32860E+01    0.32764E+01
    0.33523E+01    0.31155E+01
    0.34201E+01    0.29623E+01
    0.34892E+01    0.28166E+01
    0.35596E+01    0.26778E+01
    0.36316E+01    0.25458E+01
    0.37049E+01    0.24202E+01
    0.37798E+01    0.23007E+01
    0.38561E+01    0.21870E+01
    0.39340E+01    0.20788E+01
    0.40135E+01    0.19759E+01
    0.40946E+01    0.18779E+01
    0.41773E+01    0.17848E+01
    0.42617E+01    0.16962E+01
    0.43478E+01    0.16119E+01
    0.44356E+01    0.15317E+01
    0.45252E+01    0.14555E+01
    0.46166E+01    0.13830E+01
    0.47099E+01    0.13141E+01
    0.48050E+01    0.12485E+01
    0.49021E+01    0.11861E+01
    0.50011E+01    0.11269E+01
    0.51021E+01    0.10705E+01
    0.52052E+01    0.10169E+01
    0.53104E+01    0.96599E+00
    0.54176E+01    0.91756E+00
    0.55271E+01    0.87153E+00
    0.56387E+01    0.82777E+00
    0.57526E+01    0.78618E+00
    0.58689E+01    0.74665E+00
    0.59874E+01    0.70908E+00
    0.61084E+01    0.67337E+00
    0.62318E+01    0.63944E+00
    0.63577E+01    0.60719E+00
    0.64861E+01    0.57655E+00
    0.66171E+01    0.54743E+00
    0.67508E+01    0.51976E+00
    0.68872E+01    0.49348E+00
    0.70263E+01    0.46850E+00
    0.71682E+01    0.44478E+00
    0.73130E+01    0.42224E+00
    0.74608E+01    0.40082E+00
    0.76115E+01    0.38048E+00
    0.77653E+01    0.36116E+00
    0.79221E+01    0.34281E+00
    0.80822E+01    0.32538E+00
    0.82454E+01    0.30882E+00
    0.84120E+01    0.29310E+00
    0.85819E+01    0.27816E+00
    0.87553E+01    0.26398E+00
    0.89322E+01    0.25052E+00
    0.91126E+01    0.23773E+00
    0.92967E+01    0.22559E+00
    0.94845E+01    0.21406E+00
    0.96761E+01    0.20311E+00
    0.98716E+01    0.19272E+00
    0.10071E+02    0.18285E+00
    0.10274E+02    0.17348E+00
    0.10482E+02    0.16459E+00
    0.10694E+02    0.15614E+00
    0.10910E+02    0.14813E+00
    0.11130E+02    0.14052E+00
    0.11355E+02    0.13330E+00
    0.11584E+02    0.12645E+00
    0.11818E+02    0.11994E+00
    0.12057E+02    0.11377E+00
    0.12301E+02    0.10791E+00
    0.12549E+02    0.10235E+00
    0.12803E+02    0.97071E-01
    0.13061E+02    0.92063E-01
    0.13325E+02    0.87310E-01
    0.13594E+02    0.82801E-01
    0.13869E+02    0.78522E-01
    0.14149E+02    0.74462E-01
    0.14435E+02    0.70610E-01
    0.14727E+02    0.66955E-01
    0.15024E+02    0.63487E-01
    0.15328E+02    0.60197E-01
    0.15637E+02    0.57076E-01
    0.15953E+02    0.54116E-01
    0.16275E+02    0.51307E-01
    0.16604E+02    0.48643E-01
    0.16940E+02    0.46116E-01
    0.17282E+02    0.43719E-01
    0.17631E+02    0.41445E-01
    0.17987E+02    0.39288E-01
    0.18351E+02    0.37243E-01
    0.18721E+02    0.35303E-01
    0.19099E+02    0.33463E-01
    0.19485E+02    0.31719E-01
    0.19879E+02    0.30064E-01
    0.20280E+02    0.28495E-01
    0.20690E+02    0.27007E-01
    0.21108E+02    0.25596E-01
    0.21535E+02    0.24258E-01
    0.21970E+02    0.22989E-01
    0.22413E+02    0.21786E-01
    0.22866E+02    0.20646E-01
    0.23328E+02    0.19565E-01
    0.23799E+02    0.18539E-01
    0.24280E+02    0.17567E-01
    0.24771E+02    0.16646E-01
    0.25271E+02    0.15772E-01
    0.25782E+02    0.14944E-01
    0.26302E+02    0.14159E-01
    0.26834E+02    0.13415E-01
    0.27376E+02    0.12710E-01
    0.27929E+02    0.12041E-01
    0.28493E+02    0.11407E-01
    0.29069E+02    0.10807E-01
    0.29656E+02    0.10237E-01
    0.30255E+02    0.96978E-02
    0.30866E+02    0.91863E-02
    0.31490E+02    0.87016E-02
    0.32126E+02    0.82423E-02
    0.32775E+02    0.78070E-02
    0.33437E+02    0.73944E-02
    0.34112E+02    0.70035E-02
    0.34801E+02    0.66330E-02
    0.35504E+02    0.62820E-02
    0.36222E+02    0.59494E-02
    0.36953E+02    0.56342E-02
    0.37700E+02    0.53356E-02
    0.38462E+02    0.50527E-02
    0.39239E+02    0.47846E-02
    0.40031E+02    0.45307E-02
    0.40840E+02    0.42901E-02
    0.41665E+02    0.40621E-02
    0.42507E+02    0.38462E-02
    0.43365E+02    0.36416E-02
    0.44241E+02    0.34478E-02
    0.45135E+02    0.32642E-02
    0.46047E+02    0.30903E-02
    0.46977E+02    0.29255E-02
    0.47926E+02    0.27694E-02
    0.48894E+02    0.26215E-02
    0.49882E+02    0.24814E-02
    0.50890E+02    0.23487E-02
    0.51918E+02    0.22230E-02
    0.52966E+02    0.21041E-02
    0.54036E+02    0.19914E-02
    0.55128E+02    0.18847E-02
    0.56242E+02    0.17837E-02
    0.57378E+02    0.16881E-02
    0.58537E+02    0.15976E-02
