    0.10000E-03    0.52085E+03
    0.10202E-03    0.53094E+03
    0.10408E-03    0.54122E+03
    0.10618E-03    0.55171E+03
    0.10833E-03    0.56240E+03
    0.11052E-03    0.57329E+03
    0.11275E-03    0.58440E+03
    0.11503E-03    0.59572E+03
    0.11735E-03    0.60726E+03
    0.11972E-03    0.61902E+03
    0.12214E-03    0.63101E+03
    0.12461E-03    0.64323E+03
    0.12712E-03    0.65569E+03
    0.12969E-03    0.66838E+03
    0.13231E-03    0.68133E+03
    0.13499E-03    0.69452E+03
    0.13771E-03    0.70797E+03
    0.14049E-03    0.72168E+03
    0.14333E-03    0.73565E+03
    0.14623E-03    0.74989E+03
    0.14918E-03    0.76441E+03
    0.15220E-03    0.77921E+03
    0.15527E-03    0.79429E+03
    0.15841E-03    0.80967E+03
    0.16161E-03    0.82534E+03
    0.16487E-03    0.84131E+03
    0.16820E-03    0.85760E+03
    0.17160E-03    0.87419E+03
    0.17507E-03    0.89111E+03
    0.17860E-03    0.90835E+03
    0.18221E-03    0.92593E+03
    0.18589E-03    0.94384E+03
    0.18965E-03    0.96210E+03
    0.19348E-03    0.98071E+03
    0.19739E-03    0.99967E+03
    0.20138E-03    0.10190E+04
    0.20544E-03    0.10387E+04
    0.20959E-03    0.10588E+04
    0.21383E-03    0.10793E+04
    0.21815E-03    0.11001E+04
    0.22255E-03    0.11214E+04
    0.22705E-03    0.11431E+04
    0.23164E-03    0.11652E+04
    0.23632E-03    0.11877E+04
    0.24109E-03    0.12106E+04
    0.24596E-03    0.12340E+04
    0.25093E-03    0.12578E+04
    0.25600E-03    0.12821E+04
    0.26117E-03    0.13069E+04
    0.26645E-03    0.13321E+04
    0.27183E-03    0.13578E+04
    0.27732E-03    0.13840E+04
    0.28292E-03    0.14108E+04
    0.28864E-03    0.14380E+04
    0.29447E-03    0.14657E+04
    0.30042E-03    0.14940E+04
    0.30649E-03    0.15228E+04
    0.31268E-03    0.15521E+04
    0.31899E-03    0.15821E+04
    0.32544E-03    0.16125E+04
    0.33201E-03    0.16436E+04
    0.33872E-03    0.16753E+04
    0.34556E-03    0.17075E+04
    0.35254E-03    0.17404E+04
    0.35966E-03    0.17739E+04
    0.36693E-03    0.18080E+04
    0.37434E-03    0.18428E+04
    0.38190E-03    0.18782E+04
    0.38962E-03    0.19143E+04
    0.39749E-03    0.19511E+04
    0.40552E-03    0.19886E+04
    0.41371E-03    0.20268E+04
    0.42207E-03    0.20657E+04
    0.43060E-03    0.21054E+04
    0.43929E-03    0.21458E+04
    0.44817E-03    0.21869E+04
    0.45722E-03    0.22288E+04
    0.46646E-03    0.22715E+04
    0.47588E-03    0.23150E+04
    0.48550E-03    0.23594E+04
    0.49530E-03    0.24045E+04
    0.50531E-03    0.24505E+04
    0.51552E-03    0.24974E+04
    0.52593E-03    0.25451E+04
    0.53656E-03    0.25937E+04
    0.54739E-03    0.26432E+04
    0.55845E-03    0.26936E+04
    0.56973E-03    0.27450E+04
    0.58124E-03    0.27973E+04
    0.59299E-03    0.28506E+04
    0.60496E-03    0.29048E+04
    0.61719E-03    0.29601E+04
    0.62965E-03    0.30164E+04
    0.64237E-03    0.30737E+04
    0.65535E-03    0.31320E+04
    0.66859E-03    0.31914E+04
    0.68210E-03    0.32519E+04
    0.69588E-03    0.33136E+04
    0.70993E-03    0.33763E+04
    0.72427E-03    0.34401E+04
    0.73891E-03    0.35051E+04
    0.75383E-03    0.35713E+04
    0.76906E-03    0.36387E+04
    0.78460E-03    0.37073E+04
    0.80045E-03    0.37771E+04
    0.81662E-03    0.38482E+04
    0.83311E-03    0.39205E+04
    0.84994E-03    0.39942E+04
    0.86711E-03    0.40691E+04
    0.88463E-03    0.41453E+04
    0.90250E-03    0.42230E+04
    0.92073E-03    0.43019E+04
    0.93933E-03    0.43823E+04
    0.95831E-03    0.44641E+04
    0.97767E-03    0.45473E+04
    0.99742E-03    0.46319E+04
    0.10176E-02    0.47180E+04
    0.10381E-02    0.48056E+04
    0.10591E-02    0.48947E+04
    0.10805E-02    0.49854E+04
    0.11023E-02    0.50776E+04
    0.11246E-02    0.51714E+04
    0.11473E-02    0.52667E+04
    0.11705E-02    0.53637E+04
    0.11941E-02    0.54623E+04
    0.12182E-02    0.55626E+04
    0.12429E-02    0.56645E+04
    0.12680E-02    0.57682E+04
    0.12936E-02    0.58736E+04
    0.13197E-02    0.59807E+04
    0.13464E-02    0.60895E+04
    0.13736E-02    0.62001E+04
    0.14013E-02    0.63126E+04
    0.14296E-02    0.64268E+04
    0.14585E-02    0.65429E+04
    0.14880E-02    0.66609E+04
    0.15180E-02    0.67807E+04
    0.15487E-02    0.69024E+04
    0.15800E-02    0.70261E+04
    0.16119E-02    0.71516E+04
    0.16445E-02    0.72791E+04
    0.16777E-02    0.74086E+04
    0.17116E-02    0.75401E+04
    0.17462E-02    0.76735E+04
    0.17814E-02    0.78090E+04
    0.18174E-02    0.79465E+04
    0.18541E-02    0.80861E+04
    0.18916E-02    0.82277E+04
    0.19298E-02    0.83714E+04
    0.19688E-02    0.85172E+04
    0.20086E-02    0.86650E+04
    0.20491E-02    0.88150E+04
    0.20905E-02    0.89671E+04
    0.21328E-02    0.91213E+04
    0.21758E-02    0.92777E+04
    0.22198E-02    0.94362E+04
    0.22646E-02    0.95968E+04
    0.23104E-02    0.97596E+04
    0.23571E-02    0.99246E+04
    0.24047E-02    0.10092E+05
    0.24533E-02    0.10261E+05
    0.25028E-02    0.10432E+05
    0.25534E-02    0.10606E+05
    0.26050E-02    0.10782E+05
    0.26576E-02    0.10960E+05
    0.27113E-02    0.11140E+05
    0.27660E-02    0.11322E+05
    0.28219E-02    0.11506E+05
    0.28789E-02    0.11693E+05
    0.29371E-02    0.11882E+05
    0.29964E-02    0.12072E+05
    0.30569E-02    0.12265E+05
    0.31187E-02    0.12460E+05
    0.31817E-02    0.12657E+05
    0.32460E-02    0.12856E+05
    0.33115E-02    0.13057E+05
    0.33784E-02    0.13260E+05
    0.34467E-02    0.13465E+05
    0.35163E-02    0.13671E+05
    0.35874E-02    0.13880E+05
    0.36598E-02    0.14091E+05
    0.37338E-02    0.14303E+05
    0.38092E-02    0.14517E+05
    0.38861E-02    0.14733E+05
    0.39646E-02    0.14951E+05
    0.40447E-02    0.15170E+05
    0.41264E-02    0.15390E+05
    0.42098E-02    0.15613E+05
    0.42948E-02    0.15836E+05
    0.43816E-02    0.16062E+05
    0.44701E-02    0.16288E+05
    0.45604E-02    0.16516E+05
    0.46525E-02    0.16745E+05
    0.47465E-02    0.16975E+05
    0.48424E-02    0.17206E+05
    0.49402E-02    0.17438E+05
    0.50400E-02    0.17671E+05
    0.51419E-02    0.17904E+05
    0.52457E-02    0.18139E+05
    0.53517E-02    0.18374E+05
    0.54598E-02    0.18609E+05
    0.55701E-02    0.18845E+05
    0.56826E-02    0.19081E+05
    0.57974E-02    0.19317E+05
    0.59145E-02    0.19553E+05
    0.60340E-02    0.19789E+05
    0.61559E-02    0.20025E+05
    0.62803E-02    0.20260E+05
    0.64072E-02    0.20495E+05
    0.65366E-02    0.20729E+05
    0.66686E-02    0.20962E+05
    0.68033E-02    0.21195E+05
    0.69408E-02    0.21426E+05
    0.70810E-02    0.21656E+05
    0.72240E-02    0.21884E+05
    0.73700E-02    0.22111E+05
    0.75189E-02    0.22336E+05
    0.76708E-02    0.22559E+05
    0.78257E-02    0.22779E+05
    0.79838E-02    0.22997E+05
    0.81451E-02    0.23213E+05
    0.83096E-02    0.23426E+05
    0.84775E-02    0.23635E+05
    0.86488E-02    0.23842E+05
    0.88235E-02    0.24045E+05
    0.90017E-02    0.24244E+05
    0.91836E-02    0.24439E+05
    0.93691E-02    0.24630E+05
    0.95583E-02    0.24816E+05
    0.97514E-02    0.24998E+05
    0.99484E-02    0.25175E+05
    0.10149E-01    0.25346E+05
    0.10354E-01    0.25512E+05
    0.10564E-01    0.25673E+05
    0.10777E-01    0.25827E+05
    0.10995E-01    0.25975E+05
    0.11217E-01    0.26116E+05
    0.11443E-01    0.26250E+05
    0.11675E-01    0.26376E+05
    0.11910E-01    0.26496E+05
    0.12151E-01    0.26607E+05
    0.12397E-01    0.26711E+05
    0.12647E-01    0.26807E+05
    0.12902E-01    0.26895E+05
    0.13163E-01    0.26973E+05
    0.13429E-01    0.27041E+05
    0.13700E-01    0.27098E+05
    0.13977E-01    0.27143E+05
    0.14259E-01    0.27178E+05
    0.14547E-01    0.27203E+05
    0.14841E-01    0.27221E+05
    0.15141E-01    0.27233E+05
    0.15447E-01    0.27241E+05
    0.15759E-01    0.27242E+05
    0.16077E-01    0.27234E+05
    0.16402E-01    0.27213E+05
    0.16734E-01    0.27176E+05
    0.17072E-01    0.27121E+05
    0.17416E-01    0.27048E+05
    0.17768E-01    0.26959E+05
    0.18127E-01    0.26856E+05
    0.18493E-01    0.26742E+05
    0.18867E-01    0.26617E+05
    0.19248E-01    0.26480E+05
    0.19637E-01    0.26330E+05
    0.20034E-01    0.26164E+05
    0.20438E-01    0.25981E+05
    0.20851E-01    0.25779E+05
    0.21272E-01    0.25561E+05
    0.21702E-01    0.25327E+05
    0.22141E-01    0.25082E+05
    0.22588E-01    0.24826E+05
    0.23044E-01    0.24562E+05
    0.23510E-01    0.24291E+05
    0.23985E-01    0.24011E+05
    0.24469E-01    0.23723E+05
    0.24964E-01    0.23427E+05
    0.25468E-01    0.23123E+05
    0.25982E-01    0.22810E+05
    0.26507E-01    0.22489E+05
    0.27043E-01    0.22158E+05
    0.27589E-01    0.21819E+05
    0.28146E-01    0.21470E+05
    0.28715E-01    0.21114E+05
    0.29295E-01    0.20750E+05
    0.29887E-01    0.20382E+05
    0.30490E-01    0.20008E+05
    0.31106E-01    0.19632E+05
    0.31735E-01    0.19253E+05
    0.32376E-01    0.18875E+05
    0.33030E-01    0.18498E+05
    0.33697E-01    0.18123E+05
    0.34378E-01    0.17752E+05
    0.35072E-01    0.17385E+05
    0.35781E-01    0.17024E+05
    0.36504E-01    0.16669E+05
    0.37241E-01    0.16321E+05
    0.37993E-01    0.15980E+05
    0.38761E-01    0.15647E+05
    0.39544E-01    0.15323E+05
    0.40343E-01    0.15007E+05
    0.41158E-01    0.14701E+05
    0.41989E-01    0.14405E+05
    0.42838E-01    0.14120E+05
    0.43703E-01    0.13848E+05
    0.44586E-01    0.13588E+05
    0.45486E-01    0.13342E+05
    0.46405E-01    0.13110E+05
    0.47343E-01    0.12890E+05
    0.48299E-01    0.12681E+05
    0.49275E-01    0.12483E+05
    0.50270E-01    0.12295E+05
    0.51286E-01    0.12115E+05
    0.52322E-01    0.11943E+05
    0.53379E-01    0.11777E+05
    0.54457E-01    0.11618E+05
    0.55557E-01    0.11463E+05
    0.56680E-01    0.11311E+05
    0.57825E-01    0.11159E+05
    0.58993E-01    0.11007E+05
    0.60184E-01    0.10852E+05
    0.61400E-01    0.10695E+05
    0.62641E-01    0.10532E+05
    0.63906E-01    0.10362E+05
    0.65197E-01    0.10183E+05
    0.66514E-01    0.99917E+04
    0.67858E-01    0.97906E+04
    0.69229E-01    0.95823E+04
    0.70627E-01    0.93689E+04
    0.72054E-01    0.91472E+04
    0.73510E-01    0.89117E+04
    0.74994E-01    0.86586E+04
    0.76509E-01    0.83914E+04
    0.78055E-01    0.81160E+04
    0.79632E-01    0.78365E+04
    0.81241E-01    0.75550E+04
    0.82882E-01    0.72732E+04
    0.84556E-01    0.69937E+04
    0.86264E-01    0.67197E+04
    0.88007E-01    0.64542E+04
    0.89785E-01    0.62001E+04
    0.91598E-01    0.59599E+04
    0.93449E-01    0.57359E+04
    0.95337E-01    0.55298E+04
    0.97263E-01    0.53430E+04
    0.99227E-01    0.51760E+04
    0.10123E+00    0.50283E+04
    0.10328E+00    0.48992E+04
    0.10536E+00    0.47868E+04
    0.10749E+00    0.46887E+04
    0.10966E+00    0.46020E+04
    0.11188E+00    0.45234E+04
    0.11414E+00    0.44492E+04
    0.11644E+00    0.43757E+04
    0.11880E+00    0.42991E+04
    0.12120E+00    0.42159E+04
    0.12365E+00    0.41231E+04
    0.12614E+00    0.40190E+04
    0.12869E+00    0.39025E+04
    0.13129E+00    0.37741E+04
    0.13394E+00    0.36353E+04
    0.13665E+00    0.34885E+04
    0.13941E+00    0.33367E+04
    0.14223E+00    0.31835E+04
    0.14510E+00    0.30328E+04
    0.14803E+00    0.28891E+04
    0.15102E+00    0.27561E+04
    0.15407E+00    0.26373E+04
    0.15718E+00    0.25342E+04
    0.16036E+00    0.24472E+04
    0.16360E+00    0.23745E+04
    0.16690E+00    0.23136E+04
    0.17028E+00    0.22613E+04
    0.17371E+00    0.22140E+04
    0.17722E+00    0.21681E+04
    0.18080E+00    0.21195E+04
    0.18446E+00    0.20646E+04
    0.18818E+00    0.20013E+04
    0.19198E+00    0.19292E+04
    0.19586E+00    0.18499E+04
    0.19982E+00    0.17665E+04
    0.20386E+00    0.16825E+04
    0.20797E+00    0.16013E+04
    0.21218E+00    0.15262E+04
    0.21646E+00    0.14596E+04
    0.22083E+00    0.14028E+04
    0.22530E+00    0.13554E+04
    0.22985E+00    0.13153E+04
    0.23449E+00    0.12798E+04
    0.23923E+00    0.12456E+04
    0.24406E+00    0.12096E+04
    0.24899E+00    0.11698E+04
    0.25402E+00    0.11255E+04
    0.25915E+00    0.10779E+04
    0.26439E+00    0.10289E+04
    0.26973E+00    0.98105E+03
    0.27518E+00    0.93665E+03
    0.28074E+00    0.89727E+03
    0.28641E+00    0.86326E+03
    0.29219E+00    0.83366E+03
    0.29810E+00    0.80657E+03
    0.30412E+00    0.77999E+03
    0.31026E+00    0.75238E+03
    0.31653E+00    0.72305E+03
    0.32292E+00    0.69236E+03
    0.32945E+00    0.66165E+03
    0.33610E+00    0.63245E+03
    0.34289E+00    0.60570E+03
    0.34982E+00    0.58166E+03
    0.35689E+00    0.55991E+03
    0.36409E+00    0.53939E+03
    0.37145E+00    0.51901E+03
    0.37895E+00    0.49827E+03
    0.38661E+00    0.47726E+03
    0.39442E+00    0.45661E+03
    0.40239E+00    0.43703E+03
    0.41052E+00    0.41888E+03
    0.41881E+00    0.40209E+03
    0.42727E+00    0.38621E+03
    0.43590E+00    0.37071E+03
    0.44471E+00    0.35535E+03
    0.45369E+00    0.34022E+03
    0.46286E+00    0.32564E+03
    0.47221E+00    0.31186E+03
    0.48174E+00    0.29889E+03
    0.49148E+00    0.28656E+03
    0.50141E+00    0.27462E+03
    0.51153E+00    0.26299E+03
    0.52187E+00    0.25170E+03
    0.53241E+00    0.24092E+03
    0.54317E+00    0.23066E+03
    0.55414E+00    0.22085E+03
    0.56533E+00    0.21142E+03
    0.57675E+00    0.20235E+03
    0.58840E+00    0.19363E+03
    0.60029E+00    0.18527E+03
    0.61242E+00    0.17726E+03
    0.62479E+00    0.16958E+03
    0.63741E+00    0.16222E+03
    0.65029E+00    0.15516E+03
    0.66342E+00    0.14839E+03
    0.67683E+00    0.14191E+03
    0.69050E+00    0.13570E+03
    0.70445E+00    0.12974E+03
    0.71868E+00    0.12404E+03
    0.73320E+00    0.11857E+03
    0.74801E+00    0.11333E+03
    0.76312E+00    0.10832E+03
    0.77854E+00    0.10351E+03
    0.79426E+00    0.98911E+02
    0.81031E+00    0.94505E+02
    0.82668E+00    0.90287E+02
    0.84338E+00    0.86250E+02
    0.86041E+00    0.82385E+02
    0.87780E+00    0.78687E+02
    0.89553E+00    0.75148E+02
    0.91362E+00    0.71762E+02
    0.93208E+00    0.68524E+02
    0.95091E+00    0.65425E+02
    0.97011E+00    0.62462E+02
    0.98971E+00    0.59628E+02
    0.10097E+01    0.56918E+02
    0.10301E+01    0.54326E+02
    0.10509E+01    0.51848E+02
    0.10721E+01    0.49480E+02
    0.10938E+01    0.47216E+02
    0.11159E+01    0.45051E+02
    0.11384E+01    0.42983E+02
    0.11614E+01    0.41006E+02
    0.11849E+01    0.39117E+02
    0.12088E+01    0.37313E+02
    0.12333E+01    0.35589E+02
    0.12582E+01    0.33942E+02
    0.12836E+01    0.32369E+02
    0.13095E+01    0.30866E+02
    0.13360E+01    0.29431E+02
    0.13630E+01    0.28061E+02
    0.13905E+01    0.26752E+02
    0.14186E+01    0.25503E+02
    0.14472E+01    0.24311E+02
    0.14765E+01    0.23172E+02
    0.15063E+01    0.22086E+02
    0.15367E+01    0.21049E+02
    0.15678E+01    0.20059E+02
    0.15994E+01    0.19114E+02
    0.16318E+01    0.18213E+02
    0.16647E+01    0.17353E+02
    0.16984E+01    0.16533E+02
    0.17327E+01    0.15750E+02
    0.17677E+01    0.15003E+02
    0.18034E+01    0.14291E+02
    0.18398E+01    0.13612E+02
    0.18770E+01    0.12964E+02
    0.19149E+01    0.12347E+02
    0.19536E+01    0.11758E+02
    0.19930E+01    0.11196E+02
    0.20333E+01    0.10661E+02
    0.20744E+01    0.10150E+02
    0.21163E+01    0.96639E+01
    0.21590E+01    0.92002E+01
    0.22026E+01    0.87582E+01
    0.22471E+01    0.83369E+01
    0.22925E+01    0.79355E+01
    0.23388E+01    0.75529E+01
    0.23861E+01    0.71884E+01
    0.24343E+01    0.68411E+01
    0.24835E+01    0.65102E+01
    0.25336E+01    0.61950E+01
    0.25848E+01    0.58947E+01
    0.26370E+01    0.56087E+01
    0.26903E+01    0.53362E+01
    0.27447E+01    0.50768E+01
    0.28001E+01    0.48296E+01
    0.28567E+01    0.45943E+01
    0.29144E+01    0.43702E+01
    0.29733E+01    0.41568E+01
    0.30333E+01    0.39537E+01
    0.30946E+01    0.37602E+01
    0.31571E+01    0.35761E+01
    0.32209E+01    0.34008E+01
    0.32860E+01    0.32339E+01
    0.33523E+01    0.30751E+01
    0.34201E+01    0.29239E+01
    0.34892E+01    0.27801E+01
    0.35596E+01    0.26431E+01
    0.36316E+01    0.25128E+01
    0.37049E+01    0.23889E+01
    0.37798E+01    0.22709E+01
    0.38561E+01    0.21586E+01
    0.39340E+01    0.20518E+01
    0.40135E+01    0.19502E+01
    0.40946E+01    0.18536E+01
    0.41773E+01    0.17617E+01
    0.42617E+01    0.16742E+01
    0.43478E+01    0.15910E+01
    0.44356E+01    0.15119E+01
    0.45252E+01    0.14366E+01
    0.46166E+01    0.13651E+01
    0.47099E+01    0.12970E+01
    0.48050E+01    0.12323E+01
    0.49021E+01    0.11708E+01
    0.50011E+01    0.11123E+01
    0.51021E+01    0.10566E+01
    0.52052E+01    0.10038E+01
    0.53104E+01    0.95347E+00
    0.54176E+01    0.90567E+00
    0.55271E+01    0.86024E+00
    0.56387E+01    0.81704E+00
    0.57526E+01    0.77599E+00
    0.58689E+01    0.73697E+00
    0.59874E+01    0.69989E+00
    0.61084E+01    0.66464E+00
    0.62318E+01    0.63115E+00
    0.63577E+01    0.59932E+00
    0.64861E+01    0.56908E+00
    0.66171E+01    0.54034E+00
    0.67508E+01    0.51303E+00
    0.68872E+01    0.48708E+00
    0.70263E+01    0.46243E+00
    0.71682E+01    0.43901E+00
    0.73130E+01    0.41676E+00
    0.74608E+01    0.39563E+00
    0.76115E+01    0.37555E+00
    0.77653E+01    0.35648E+00
    0.79221E+01    0.33837E+00
    0.80822E+01    0.32116E+00
    0.82454E+01    0.30482E+00
    0.84120E+01    0.28930E+00
    0.85819E+01    0.27456E+00
    0.87553E+01    0.26056E+00
    0.89322E+01    0.24727E+00
    0.91126E+01    0.23465E+00
    0.92967E+01    0.22266E+00
    0.94845E+01    0.21128E+00
    0.96761E+01    0.20048E+00
    0.98716E+01    0.19022E+00
    0.10071E+02    0.18048E+00
    0.10274E+02    0.17123E+00
    0.10482E+02    0.16245E+00
    0.10694E+02    0.15412E+00
    0.10910E+02    0.14621E+00
    0.11130E+02    0.13870E+00
    0.11355E+02    0.13157E+00
    0.11584E+02    0.12481E+00
    0.11818E+02    0.11839E+00
    0.12057E+02    0.11229E+00
    0.12301E+02    0.10651E+00
    0.12549E+02    0.10102E+00
    0.12803E+02    0.95813E-01
    0.13061E+02    0.90870E-01
    0.13325E+02    0.86179E-01
    0.13594E+02    0.81728E-01
    0.13869E+02    0.77504E-01
    0.14149E+02    0.73497E-01
    0.14435E+02    0.69695E-01
    0.14727E+02    0.66087E-01
    0.15024E+02    0.62664E-01
    0.15328E+02    0.59417E-01
    0.15637E+02    0.56337E-01
    0.15953E+02    0.53415E-01
    0.16275E+02    0.50642E-01
    0.16604E+02    0.48013E-01
    0.16940E+02    0.45518E-01
    0.17282E+02    0.43152E-01
    0.17631E+02    0.40908E-01
    0.17987E+02    0.38779E-01
    0.18351E+02    0.36760E-01
    0.18721E+02    0.34846E-01
    0.19099E+02    0.33030E-01
    0.19485E+02    0.31308E-01
    0.19879E+02    0.29674E-01
    0.20280E+02    0.28126E-01
    0.20690E+02    0.26657E-01
    0.21108E+02    0.25264E-01
    0.21535E+02    0.23944E-01
    0.21970E+02    0.22691E-01
    0.22413E+02    0.21504E-01
    0.22866E+02    0.20378E-01
    0.23328E+02    0.19311E-01
    0.23799E+02    0.18299E-01
    0.24280E+02    0.17340E-01
    0.24771E+02    0.16430E-01
    0.25271E+02    0.15568E-01
    0.25782E+02    0.14751E-01
    0.26302E+02    0.13976E-01
    0.26834E+02    0.13241E-01
    0.27376E+02    0.12545E-01
    0.27929E+02    0.11885E-01
    0.28493E+02    0.11260E-01
    0.29069E+02    0.10667E-01
    0.29656E+02    0.10105E-01
    0.30255E+02    0.95721E-02
    0.30866E+02    0.90673E-02
    0.31490E+02    0.85889E-02
    0.32126E+02    0.81355E-02
    0.32775E+02    0.77058E-02
    0.33437E+02    0.72986E-02
    0.34112E+02    0.69127E-02
    0.34801E+02    0.65471E-02
    0.35504E+02    0.62006E-02
    0.36222E+02    0.58723E-02
    0.36953E+02    0.55612E-02
    0.37700E+02    0.52665E-02
    0.38462E+02    0.49872E-02
    0.39239E+02    0.47226E-02
    0.40031E+02    0.44720E-02
    0.40840E+02    0.42345E-02
    0.41665E+02    0.40095E-02
    0.42507E+02    0.37964E-02
    0.43365E+02    0.35945E-02
    0.44241E+02    0.34032E-02
    0.45135E+02    0.32219E-02
    0.46047E+02    0.30503E-02
    0.46977E+02    0.28876E-02
    0.47926E+02    0.27335E-02
    0.48894E+02    0.25875E-02
    0.49882E+02    0.24493E-02
    0.50890E+02    0.23183E-02
    0.51918E+02    0.21943E-02
    0.52966E+02    0.20768E-02
    0.54036E+02    0.19656E-02
    0.55128E+02    0.18603E-02
    0.56242E+02    0.17606E-02
    0.57378E+02    0.16663E-02
    0.58537E+02    0.15770E-02
