      1.96420
      1.56470
     0.846200
     0.497500
     0.298200
     0.890000
     0.264500
     0.819900
      1.28200
     0.760000
     0.642800
      1.03680
      1.06310
      1.99220
      2.17420
      1.62800
     0.395591
     0.613000
     0.605400
     0.543800
     0.478200
     0.552200
     0.898800
      1.47700
     0.512900
     0.178700
      1.18640
     0.680000
      1.51260
     0.537200
     0.206500
      2.61160
      1.39800
      1.20590
      1.75880
     0.960100
      1.14520
     0.549600
     0.645000
     0.697500
     0.920000
      1.53000
      1.39000
      1.00050
      2.24610
     0.352000
      2.47320
      1.44640
      2.20740
     0.542100
      1.11790
     0.351600
     0.619700
      1.98939
     0.806000
      1.38790
      1.20100
     0.216600
      1.55000
     0.837425
      1.18070
     0.760954
     0.170900
      1.45000
      1.56000
     0.140000
      1.07890
      1.05610
     0.860000
      1.53000
     0.621000
     0.811900
      1.23990
     0.947400
      2.49520
      1.09780
      1.19260
     0.419600
      1.09540
      1.30530
     0.306200
     0.252900
     0.990500
      1.03570
     0.190000
      1.11630
      2.34640
      1.35100
     0.258100
    0.0700000
     0.150000
      2.40910
     0.850000
     0.790000
     0.391800
      1.05810
     0.432800
     0.216700
     0.308300
     0.420100
      1.21000
      1.21120
     0.366500
      1.00230
     0.649600
     0.235700
      1.82710
      1.77060
      2.24890
     0.784300
     0.265100
     0.770000
      1.69530
     0.880000
     0.701300
     0.255000
      1.29120
      1.01180
      2.23010
     0.810000
     0.902400
     0.320300
     0.937300
      1.09120
     0.831500
     0.509600
      1.46630
     0.914200
      1.06990
     0.256400
     0.263613
      1.32390
      1.80000
     0.534800
     0.800000
      1.12830
     0.789900
      1.53850
      1.04740
      1.59410
     0.474100
     0.526200
     0.834800
      1.23880
     0.912300
      1.27600
      1.95460
     0.365000
      1.53000
     0.590500
      1.29030
      1.79280
     0.536400
      1.24710
      1.02050
     0.925900
     0.618600
      1.38480
      1.20710
      1.01000
     0.677200
      2.23020
      1.10130
     0.210300
      1.14710
     0.474300
      1.88220
      1.10920
      1.06068
      1.31000
     0.495400
     0.990000
      1.06200
     0.340200
     0.397200
     0.580000
      1.07290
      1.47570
     0.655800
     0.535600
      1.15630
     0.920800
      1.09490
     0.869200
     0.792000
      1.15700
      1.75600
     0.430000
      1.32490
     0.617800
      1.28323
     0.943500
     0.466500
     0.569800
     0.840700
     0.815200
      1.09720
      1.42000
     0.183700
      2.18650
     0.348200
     0.327300
      1.12510
     0.796200
      1.55000
     0.957600
     0.900000
      1.51930
     0.878300
     0.914100
     0.498400
      1.60600
     0.478900
      1.85180
      1.37990
     0.330100
     0.628900
      1.34280
     0.498800
      1.04360
      1.76000
      1.12220
      2.70230
      1.06900
      1.13000
      1.71000
     0.339900
      1.03460
     0.627300
      1.25510
      1.48340
      1.45000
     0.405100
     0.974300
      1.29730
     0.334000
      1.18600
     0.545700
     0.248890
      1.75910
     0.501300
      1.30230
     0.940000
     0.609400
     0.980000
      1.02000
    0.0600000
     0.860600
     0.270400
      1.54580
     0.349300
      2.35150
      2.72490
     0.348700
      1.07030
     0.834900
     0.715100
     0.693100
      1.13830
     0.509200
     0.506400
      1.35000
      1.49770
      2.30000
      1.66620
      1.24500
      1.26070
      2.07560
     0.240100
     0.969200
     0.434400
     0.326900
     0.828887
     0.984711
     0.680700
     0.790000
     0.620600
      1.20140
     0.993500
     0.897200
     0.160000
      1.27340
      2.24000
     0.336000
     0.947000
     0.169000
      1.44480
     0.350200
     0.705400
     0.761584
      1.40570
     0.962900
     0.808600
      1.95220
      1.16200
      1.77000
      1.27910
      1.33020
     0.914200
     0.432080
     0.940000
     0.562300
      1.10960
      1.35170
      1.57111
      1.43000
     0.258700
      1.43000
      1.66730
      1.13000
     0.594600
      2.32560
     0.144400
     0.991000
     0.747200
      2.09030
     0.720000
     0.900000
     0.817000
     0.795500
      1.88650
      1.52510
      1.86000
      2.05093
     0.302800
     0.359400
     0.956100
      1.48800
      1.38740
      1.28620
      1.60820
     0.576300
      2.10610
      1.34940
     0.480800
      2.86360
     0.644900
     0.335400
      1.06700
     0.900000
      1.75510
     0.511200
     0.381700
    0.0900000
     0.943500
      1.59000
      1.16000
     0.959000
      1.56000
     0.978200
      1.11530
     0.538300
      1.23540
      1.54270
     0.470000
     0.360200
     0.766000
      1.20140
      1.39120
      1.50000
      1.34790
      1.74000
      1.42410
