      1.00000  1.15535e-07
      2.00000  2.01924e-07
      3.00000  2.67932e-07
      4.00000  3.18726e-07
      5.00000  3.58074e-07
      6.00000  3.88738e-07
      7.00000  4.12805e-07
      8.00000  4.31746e-07
      9.00000  4.46632e-07
      10.0000  4.58209e-07
      11.0000  4.67034e-07
      12.0000  4.73546e-07
      13.0000  4.78103e-07
      14.0000  4.80999e-07
      15.0000  4.82510e-07
      16.0000  4.82871e-07
      17.0000  4.82289e-07
      18.0000  4.80909e-07
      19.0000  4.78864e-07
      20.0000  4.76257e-07
      21.0000  4.73168e-07
      22.0000  4.69671e-07
      23.0000  4.65821e-07
      24.0000  4.61683e-07
      25.0000  4.57321e-07
      26.0000  4.52775e-07
      27.0000  4.48085e-07
      28.0000  4.43285e-07
      29.0000  4.38411e-07
      30.0000  4.33470e-07
      31.0000  4.28474e-07
      32.0000  4.23443e-07
      33.0000  4.18390e-07
      34.0000  4.13323e-07
      35.0000  4.08252e-07
      36.0000  4.03196e-07
      37.0000  3.98160e-07
      38.0000  3.93157e-07
      39.0000  3.88182e-07
      40.0000  3.83244e-07
      41.0000  3.78348e-07
      42.0000  3.73491e-07
      43.0000  3.68671e-07
      44.0000  3.63891e-07
      45.0000  3.59157e-07
      46.0000  3.54470e-07
      47.0000  3.49829e-07
      48.0000  3.45242e-07
      49.0000  3.40708e-07
      50.0000  3.36230e-07
      51.0000  3.31806e-07
      52.0000  3.27439e-07
      53.0000  3.23127e-07
      54.0000  3.18871e-07
      55.0000  3.14669e-07
      56.0000  3.10523e-07
      57.0000  3.06431e-07
      58.0000  3.02394e-07
      59.0000  2.98413e-07
      60.0000  2.94486e-07
      61.0000  2.90617e-07
      62.0000  2.86809e-07
      63.0000  2.83057e-07
      64.0000  2.79360e-07
      65.0000  2.75719e-07
      66.0000  2.72137e-07
      67.0000  2.68613e-07
      68.0000  2.65142e-07
      69.0000  2.61725e-07
      70.0000  2.58366e-07
      71.0000  2.55063e-07
      72.0000  2.51812e-07
      73.0000  2.48617e-07
      74.0000  2.45475e-07
      75.0000  2.42387e-07
      76.0000  2.39352e-07
      77.0000  2.36369e-07
      78.0000  2.33440e-07
      79.0000  2.30563e-07
      80.0000  2.27736e-07
      81.0000  2.24964e-07
      82.0000  2.22240e-07
      83.0000  2.19564e-07
      84.0000  2.16942e-07
      85.0000  2.14362e-07
      86.0000  2.11835e-07
      87.0000  2.09351e-07
      88.0000  2.06914e-07
      89.0000  2.04523e-07
      90.0000  2.02173e-07
      91.0000  1.99872e-07
      92.0000  1.97610e-07
      93.0000  1.95394e-07
      94.0000  1.93218e-07
      95.0000  1.91084e-07
      96.0000  1.88992e-07
      97.0000  1.86938e-07
      98.0000  1.84925e-07
      99.0000  1.82948e-07
      100.000  1.81012e-07
      101.000  1.79110e-07
      102.000  1.77247e-07
      103.000  1.75416e-07
      104.000  1.73623e-07
      105.000  1.71860e-07
      106.000  1.70135e-07
      107.000  1.68435e-07
      108.000  1.66774e-07
      109.000  1.65136e-07
      110.000  1.63535e-07
      111.000  1.61957e-07
      112.000  1.60412e-07
      113.000  1.58892e-07
      114.000  1.57401e-07
      115.000  1.55935e-07
      116.000  1.54493e-07
      117.000  1.53080e-07
      118.000  1.51687e-07
      119.000  1.50322e-07
      120.000  1.48976e-07
      121.000  1.47656e-07
      122.000  1.46355e-07
      123.000  1.45075e-07
      124.000  1.43819e-07
      125.000  1.42579e-07
      126.000  1.41362e-07
      127.000  1.40161e-07
      128.000  1.38978e-07
      129.000  1.37816e-07
      130.000  1.36668e-07
      131.000  1.35540e-07
      132.000  1.34426e-07
      133.000  1.33328e-07
      134.000  1.32248e-07
      135.000  1.31180e-07
      136.000  1.30128e-07
      137.000  1.29091e-07
      138.000  1.28067e-07
      139.000  1.27056e-07
      140.000  1.26059e-07
      141.000  1.25075e-07
      142.000  1.24102e-07
      143.000  1.23142e-07
      144.000  1.22194e-07
      145.000  1.21256e-07
      146.000  1.20330e-07
      147.000  1.19415e-07
      148.000  1.18509e-07
      149.000  1.17615e-07
      150.000  1.16730e-07
      151.000  1.15855e-07
      152.000  1.14989e-07
      153.000  1.14133e-07
      154.000  1.13285e-07
      155.000  1.12446e-07
      156.000  1.11616e-07
      157.000  1.10794e-07
      158.000  1.09981e-07
      159.000  1.09176e-07
      160.000  1.08379e-07
      161.000  1.07589e-07
      162.000  1.06807e-07
      163.000  1.06033e-07
      164.000  1.05266e-07
      165.000  1.04506e-07
      166.000  1.03754e-07
      167.000  1.03008e-07
      168.000  1.02270e-07
      169.000  1.01537e-07
      170.000  1.00813e-07
      171.000  1.00095e-07
      172.000  9.93822e-08
      173.000  9.86769e-08
      174.000  9.79784e-08
      175.000  9.72860e-08
      176.000  9.65986e-08
      177.000  9.59189e-08
      178.000  9.52456e-08
      179.000  9.45766e-08
      180.000  9.39138e-08
      181.000  9.32585e-08
      182.000  9.26088e-08
      183.000  9.19632e-08
      184.000  9.13246e-08
      185.000  9.06931e-08
      186.000  9.00657e-08
      187.000  8.94429e-08
      188.000  8.88279e-08
      189.000  8.82191e-08
      190.000  8.76137e-08
      191.000  8.70135e-08
      192.000  8.64210e-08
      193.000  8.58340e-08
      194.000  8.52501e-08
      195.000  8.46722e-08
      196.000  8.41009e-08
      197.000  8.35352e-08
      198.000  8.29726e-08
      199.000  8.24160e-08
      200.000  8.18655e-08
      201.000  8.13206e-08
      202.000  8.07789e-08
      203.000  8.02429e-08
      204.000  7.97125e-08
      205.000  7.91878e-08
      206.000  7.86666e-08
      207.000  7.81507e-08
      208.000  7.76399e-08
      209.000  7.71348e-08
      210.000  7.66336e-08
      211.000  7.61370e-08
      212.000  7.56455e-08
      213.000  7.51590e-08
      214.000  7.46771e-08
      215.000  7.41998e-08
      216.000  7.37268e-08
      217.000  7.32579e-08
      218.000  7.27948e-08
      219.000  7.23360e-08
      220.000  7.18810e-08
      221.000  7.14302e-08
      222.000  7.09843e-08
      223.000  7.05428e-08
      224.000  7.01057e-08
      225.000  6.96722e-08
      226.000  6.92425e-08
      227.000  6.88180e-08
      228.000  6.83978e-08
      229.000  6.79810e-08
      230.000  6.75682e-08
      231.000  6.71590e-08
      232.000  6.67544e-08
      233.000  6.63540e-08
      234.000  6.59571e-08
      235.000  6.55637e-08
      236.000  6.51738e-08
      237.000  6.47883e-08
      238.000  6.44066e-08
      239.000  6.40288e-08
      240.000  6.36537e-08
      241.000  6.32823e-08
      242.000  6.29147e-08
      243.000  6.25507e-08
      244.000  6.21909e-08
      245.000  6.18333e-08
      246.000  6.14792e-08
      247.000  6.11284e-08
      248.000  6.07813e-08
      249.000  6.04386e-08
      250.000  6.00976e-08
      251.000  5.97598e-08
      252.000  5.94247e-08
      253.000  5.90935e-08
      254.000  5.87665e-08
      255.000  5.84412e-08
      256.000  5.81186e-08
      257.000  5.77987e-08
      258.000  5.74822e-08
      259.000  5.71699e-08
      260.000  5.68595e-08
      261.000  5.65516e-08
      262.000  5.62459e-08
      263.000  5.59432e-08
      264.000  5.56446e-08
      265.000  5.53480e-08
      266.000  5.50540e-08
      267.000  5.47619e-08
      268.000  5.44723e-08
      269.000  5.41863e-08
      270.000  5.39029e-08
      271.000  5.36218e-08
      272.000  5.33428e-08
      273.000  5.30658e-08
      274.000  5.27917e-08
      275.000  5.25204e-08
      276.000  5.22514e-08
      277.000  5.19847e-08
      278.000  5.17197e-08
      279.000  5.14572e-08
      280.000  5.11973e-08
      281.000  5.09394e-08
      282.000  5.06842e-08
      283.000  5.04306e-08
      284.000  5.01790e-08
      285.000  4.99299e-08
      286.000  4.96827e-08
      287.000  4.94376e-08
      288.000  4.91949e-08
      289.000  4.89538e-08
      290.000  4.87150e-08
      291.000  4.84781e-08
      292.000  4.82427e-08
      293.000  4.80097e-08
      294.000  4.77786e-08
      295.000  4.75492e-08
      296.000  4.73221e-08
      297.000  4.70964e-08
      298.000  4.68722e-08
      299.000  4.66504e-08
      300.000  4.64304e-08
      301.000  4.62119e-08
      302.000  4.59955e-08
      303.000  4.57805e-08
      304.000  4.55668e-08
      305.000  4.53554e-08
      306.000  4.51457e-08
      307.000  4.49375e-08
      308.000  4.47310e-08
      309.000  4.45260e-08
      310.000  4.43223e-08
      311.000  4.41206e-08
      312.000  4.39208e-08
      313.000  4.37222e-08
      314.000  4.35250e-08
      315.000  4.33294e-08
      316.000  4.31351e-08
      317.000  4.29424e-08
      318.000  4.27519e-08
      319.000  4.25623e-08
      320.000  4.23738e-08
      321.000  4.21869e-08
      322.000  4.20015e-08
      323.000  4.18174e-08
      324.000  4.16354e-08
      325.000  4.14543e-08
      326.000  4.12743e-08
      327.000  4.10954e-08
      328.000  4.09178e-08
      329.000  4.07420e-08
      330.000  4.05675e-08
      331.000  4.03945e-08
      332.000  4.02224e-08
      333.000  4.00512e-08
      334.000  3.98812e-08
      335.000  3.97129e-08
      336.000  3.95458e-08
      337.000  3.93801e-08
      338.000  3.92153e-08
      339.000  3.90516e-08
      340.000  3.88888e-08
      341.000  3.87271e-08
      342.000  3.85671e-08
      343.000  3.84082e-08
      344.000  3.82502e-08
      345.000  3.80931e-08
      346.000  3.79372e-08
      347.000  3.77821e-08
      348.000  3.76282e-08
      349.000  3.74757e-08
      350.000  3.73242e-08
      351.000  3.71734e-08
      352.000  3.70236e-08
      353.000  3.68748e-08
      354.000  3.67270e-08
      355.000  3.65802e-08
      356.000  3.64346e-08
      357.000  3.62901e-08
      358.000  3.61459e-08
      359.000  3.60028e-08
      360.000  3.58606e-08
      361.000  3.57195e-08
      362.000  3.55793e-08
      363.000  3.54401e-08
      364.000  3.53018e-08
      365.000  3.51640e-08
      366.000  3.50270e-08
      367.000  3.48909e-08
      368.000  3.47559e-08
      369.000  3.46216e-08
      370.000  3.44884e-08
      371.000  3.43560e-08
      372.000  3.42243e-08
      373.000  3.40929e-08
      374.000  3.39626e-08
      375.000  3.38330e-08
      376.000  3.37045e-08
      377.000  3.35767e-08
      378.000  3.34497e-08
      379.000  3.33236e-08
      380.000  3.31976e-08
      381.000  3.30727e-08
      382.000  3.29484e-08
      383.000  3.28250e-08
      384.000  3.27024e-08
      385.000  3.25805e-08
      386.000  3.24594e-08
      387.000  3.23389e-08
      388.000  3.22189e-08
      389.000  3.20998e-08
      390.000  3.19811e-08
      391.000  3.18633e-08
      392.000  3.17461e-08
      393.000  3.16296e-08
      394.000  3.15141e-08
      395.000  3.13989e-08
      396.000  3.12845e-08
      397.000  3.11707e-08
      398.000  3.10574e-08
      399.000  3.09448e-08
      400.000  3.08327e-08
      401.000  3.07213e-08
      402.000  3.06109e-08
      403.000  3.05008e-08
      404.000  3.03916e-08
      405.000  3.02829e-08
      406.000  3.01747e-08
      407.000  3.00670e-08
      408.000  2.99600e-08
      409.000  2.98535e-08
      410.000  2.97478e-08
      411.000  2.96426e-08
      412.000  2.95383e-08
      413.000  2.94345e-08
      414.000  2.93311e-08
      415.000  2.92281e-08
      416.000  2.91258e-08
      417.000  2.90240e-08
      418.000  2.89230e-08
      419.000  2.88224e-08
      420.000  2.87226e-08
      421.000  2.86235e-08
      422.000  2.85247e-08
      423.000  2.84263e-08
      424.000  2.83286e-08
      425.000  2.82313e-08
      426.000  2.81346e-08
      427.000  2.80385e-08
      428.000  2.79429e-08
      429.000  2.78483e-08
      430.000  2.77539e-08
      431.000  2.76600e-08
      432.000  2.75664e-08
      433.000  2.74737e-08
      434.000  2.73813e-08
      435.000  2.72895e-08
      436.000  2.71981e-08
      437.000  2.71075e-08
      438.000  2.70174e-08
      439.000  2.69277e-08
      440.000  2.68384e-08
      441.000  2.67496e-08
      442.000  2.66616e-08
      443.000  2.65739e-08
      444.000  2.64866e-08
      445.000  2.63998e-08
      446.000  2.63138e-08
      447.000  2.62281e-08
      448.000  2.61429e-08
      449.000  2.60581e-08
      450.000  2.59737e-08
      451.000  2.58901e-08
      452.000  2.58069e-08
      453.000  2.57240e-08
      454.000  2.56416e-08
      455.000  2.55599e-08
      456.000  2.54785e-08
      457.000  2.53975e-08
      458.000  2.53170e-08
      459.000  2.52368e-08
      460.000  2.51573e-08
      461.000  2.50783e-08
      462.000  2.49997e-08
      463.000  2.49214e-08
      464.000  2.48438e-08
      465.000  2.47664e-08
      466.000  2.46894e-08
      467.000  2.46130e-08
      468.000  2.45368e-08
      469.000  2.44611e-08
      470.000  2.43860e-08
      471.000  2.43113e-08
      472.000  2.42370e-08
      473.000  2.41631e-08
      474.000  2.40897e-08
      475.000  2.40165e-08
      476.000  2.39437e-08
      477.000  2.38714e-08
      478.000  2.37994e-08
      479.000  2.37278e-08
      480.000  2.36568e-08
      481.000  2.35861e-08
      482.000  2.35159e-08
      483.000  2.34459e-08
      484.000  2.33763e-08
      485.000  2.33070e-08
      486.000  2.32382e-08
      487.000  2.31696e-08
      488.000  2.31014e-08
      489.000  2.30336e-08
      490.000  2.29664e-08
      491.000  2.28995e-08
      492.000  2.28329e-08
      493.000  2.27665e-08
      494.000  2.27005e-08
      495.000  2.26348e-08
      496.000  2.25695e-08
      497.000  2.25045e-08
      498.000  2.24397e-08
      499.000  2.23754e-08
      500.000  2.23116e-08
      501.000  2.22481e-08
      502.000  2.21848e-08
      503.000  2.21217e-08
      504.000  2.20590e-08
      505.000  2.19966e-08
      506.000  2.19345e-08
      507.000  2.18727e-08
      508.000  2.18112e-08
      509.000  2.17500e-08
      510.000  2.16893e-08
      511.000  2.16288e-08
      512.000  2.15686e-08
      513.000  2.15086e-08
      514.000  2.14489e-08
      515.000  2.13895e-08
      516.000  2.13303e-08
      517.000  2.12714e-08
      518.000  2.12128e-08
      519.000  2.11545e-08
      520.000  2.10965e-08
      521.000  2.10389e-08
      522.000  2.09814e-08
      523.000  2.09242e-08
      524.000  2.08672e-08
      525.000  2.08106e-08
      526.000  2.07541e-08
      527.000  2.06979e-08
      528.000  2.06420e-08
      529.000  2.05863e-08
      530.000  2.05308e-08
      531.000  2.04757e-08
      532.000  2.04208e-08
      533.000  2.03660e-08
      534.000  2.03116e-08
      535.000  2.02575e-08
      536.000  2.02036e-08
      537.000  2.01497e-08
      538.000  2.00962e-08
      539.000  2.00430e-08
      540.000  1.99899e-08
      541.000  1.99370e-08
      542.000  1.98844e-08
      543.000  1.98321e-08
      544.000  1.97799e-08
      545.000  1.97280e-08
      546.000  1.96764e-08
      547.000  1.96250e-08
      548.000  1.95736e-08
      549.000  1.95226e-08
      550.000  1.94718e-08
      551.000  1.94211e-08
      552.000  1.93707e-08
      553.000  1.93204e-08
      554.000  1.92704e-08
      555.000  1.92206e-08
      556.000  1.91711e-08
      557.000  1.91218e-08
      558.000  1.90727e-08
      559.000  1.90236e-08
      560.000  1.89748e-08
      561.000  1.89263e-08
      562.000  1.88779e-08
      563.000  1.88297e-08
      564.000  1.87817e-08
      565.000  1.87339e-08
      566.000  1.86863e-08
      567.000  1.86389e-08
      568.000  1.85918e-08
      569.000  1.85448e-08
      570.000  1.84980e-08
      571.000  1.84513e-08
      572.000  1.84049e-08
      573.000  1.83586e-08
      574.000  1.83125e-08
      575.000  1.82666e-08
      576.000  1.82209e-08
      577.000  1.81754e-08
      578.000  1.81301e-08
      579.000  1.80850e-08
      580.000  1.80401e-08
      581.000  1.79953e-08
      582.000  1.79507e-08
      583.000  1.79062e-08
      584.000  1.78620e-08
      585.000  1.78179e-08
      586.000  1.77740e-08
      587.000  1.77304e-08
      588.000  1.76869e-08
      589.000  1.76436e-08
      590.000  1.76004e-08
      591.000  1.75575e-08
      592.000  1.75146e-08
      593.000  1.74720e-08
      594.000  1.74295e-08
      595.000  1.73871e-08
      596.000  1.73450e-08
      597.000  1.73030e-08
      598.000  1.72613e-08
      599.000  1.72198e-08
      600.000  1.71784e-08
      601.000  1.71372e-08
      602.000  1.70961e-08
      603.000  1.70552e-08
      604.000  1.70144e-08
      605.000  1.69738e-08
      606.000  1.69333e-08
      607.000  1.68930e-08
      608.000  1.68530e-08
      609.000  1.68130e-08
      610.000  1.67733e-08
      611.000  1.67338e-08
      612.000  1.66944e-08
      613.000  1.66552e-08
      614.000  1.66162e-08
      615.000  1.65773e-08
      616.000  1.65384e-08
      617.000  1.64998e-08
      618.000  1.64614e-08
      619.000  1.64230e-08
      620.000  1.63849e-08
      621.000  1.63469e-08
      622.000  1.63092e-08
      623.000  1.62716e-08
      624.000  1.62341e-08
      625.000  1.61968e-08
      626.000  1.61597e-08
      627.000  1.61227e-08
      628.000  1.60858e-08
      629.000  1.60491e-08
      630.000  1.60126e-08
      631.000  1.59761e-08
      632.000  1.59398e-08
      633.000  1.59038e-08
      634.000  1.58678e-08
      635.000  1.58321e-08
      636.000  1.57965e-08
      637.000  1.57610e-08
      638.000  1.57257e-08
      639.000  1.56905e-08
      640.000  1.56555e-08
      641.000  1.56206e-08
      642.000  1.55858e-08
      643.000  1.55512e-08
      644.000  1.55167e-08
      645.000  1.54824e-08
      646.000  1.54482e-08
      647.000  1.54142e-08
      648.000  1.53803e-08
      649.000  1.53466e-08
      650.000  1.53129e-08
      651.000  1.52794e-08
      652.000  1.52462e-08
      653.000  1.52130e-08
      654.000  1.51800e-08
      655.000  1.51470e-08
      656.000  1.51142e-08
      657.000  1.50815e-08
      658.000  1.50490e-08
      659.000  1.50166e-08
      660.000  1.49844e-08
      661.000  1.49522e-08
      662.000  1.49203e-08
      663.000  1.48884e-08
      664.000  1.48566e-08
      665.000  1.48250e-08
      666.000  1.47936e-08
      667.000  1.47623e-08
      668.000  1.47310e-08
      669.000  1.46999e-08
      670.000  1.46689e-08
      671.000  1.46380e-08
      672.000  1.46073e-08
      673.000  1.45767e-08
      674.000  1.45462e-08
      675.000  1.45158e-08
      676.000  1.44856e-08
      677.000  1.44554e-08
      678.000  1.44254e-08
      679.000  1.43955e-08
      680.000  1.43658e-08
      681.000  1.43361e-08
      682.000  1.43066e-08
      683.000  1.42771e-08
      684.000  1.42477e-08
      685.000  1.42185e-08
      686.000  1.41894e-08
      687.000  1.41604e-08
      688.000  1.41315e-08
      689.000  1.41028e-08
      690.000  1.40741e-08
      691.000  1.40455e-08
      692.000  1.40170e-08
      693.000  1.39887e-08
      694.000  1.39605e-08
      695.000  1.39324e-08
      696.000  1.39043e-08
      697.000  1.38763e-08
      698.000  1.38485e-08
      699.000  1.38207e-08
      700.000  1.37931e-08
      701.000  1.37655e-08
      702.000  1.37381e-08
      703.000  1.37108e-08
      704.000  1.36835e-08
      705.000  1.36564e-08
      706.000  1.36293e-08
      707.000  1.36024e-08
      708.000  1.35755e-08
      709.000  1.35488e-08
      710.000  1.35221e-08
      711.000  1.34954e-08
      712.000  1.34689e-08
      713.000  1.34425e-08
      714.000  1.34162e-08
      715.000  1.33899e-08
      716.000  1.33638e-08
      717.000  1.33378e-08
      718.000  1.33118e-08
      719.000  1.32860e-08
      720.000  1.32602e-08
      721.000  1.32345e-08
      722.000  1.32089e-08
      723.000  1.31833e-08
      724.000  1.31579e-08
      725.000  1.31325e-08
      726.000  1.31072e-08
      727.000  1.30820e-08
      728.000  1.30568e-08
      729.000  1.30318e-08
      730.000  1.30068e-08
      731.000  1.29819e-08
      732.000  1.29572e-08
      733.000  1.29325e-08
      734.000  1.29078e-08
      735.000  1.28833e-08
      736.000  1.28588e-08
      737.000  1.28344e-08
      738.000  1.28100e-08
      739.000  1.27857e-08
      740.000  1.27615e-08
      741.000  1.27374e-08
      742.000  1.27134e-08
      743.000  1.26894e-08
      744.000  1.26655e-08
      745.000  1.26416e-08
      746.000  1.26179e-08
      747.000  1.25943e-08
      748.000  1.25707e-08
      749.000  1.25471e-08
      750.000  1.25237e-08
      751.000  1.25003e-08
      752.000  1.24770e-08
      753.000  1.24537e-08
      754.000  1.24305e-08
      755.000  1.24074e-08
      756.000  1.23844e-08
      757.000  1.23614e-08
      758.000  1.23385e-08
      759.000  1.23156e-08
      760.000  1.22929e-08
      761.000  1.22702e-08
      762.000  1.22476e-08
      763.000  1.22250e-08
      764.000  1.22025e-08
      765.000  1.21801e-08
      766.000  1.21578e-08
      767.000  1.21354e-08
      768.000  1.21132e-08
      769.000  1.20910e-08
      770.000  1.20689e-08
      771.000  1.20469e-08
      772.000  1.20249e-08
      773.000  1.20030e-08
      774.000  1.19811e-08
      775.000  1.19593e-08
      776.000  1.19376e-08
      777.000  1.19160e-08
      778.000  1.18944e-08
      779.000  1.18728e-08
      780.000  1.18514e-08
      781.000  1.18300e-08
      782.000  1.18087e-08
      783.000  1.17874e-08
      784.000  1.17661e-08
      785.000  1.17450e-08
      786.000  1.17239e-08
      787.000  1.17028e-08
      788.000  1.16818e-08
      789.000  1.16609e-08
      790.000  1.16400e-08
      791.000  1.16193e-08
      792.000  1.15986e-08
      793.000  1.15779e-08
      794.000  1.15573e-08
      795.000  1.15367e-08
      796.000  1.15162e-08
      797.000  1.14958e-08
      798.000  1.14755e-08
      799.000  1.14551e-08
      800.000  1.14349e-08
      801.000  1.14147e-08
      802.000  1.13945e-08
      803.000  1.13744e-08
      804.000  1.13544e-08
      805.000  1.13344e-08
      806.000  1.13145e-08
      807.000  1.12947e-08
      808.000  1.12749e-08
      809.000  1.12552e-08
      810.000  1.12355e-08
      811.000  1.12159e-08
      812.000  1.11964e-08
      813.000  1.11769e-08
      814.000  1.11575e-08
      815.000  1.11381e-08
      816.000  1.11188e-08
      817.000  1.10995e-08
      818.000  1.10802e-08
      819.000  1.10611e-08
      820.000  1.10420e-08
      821.000  1.10229e-08
      822.000  1.10039e-08
      823.000  1.09850e-08
      824.000  1.09661e-08
      825.000  1.09473e-08
      826.000  1.09286e-08
      827.000  1.09099e-08
      828.000  1.08912e-08
      829.000  1.08726e-08
      830.000  1.08541e-08
      831.000  1.08356e-08
      832.000  1.08172e-08
      833.000  1.07988e-08
      834.000  1.07805e-08
      835.000  1.07622e-08
      836.000  1.07439e-08
      837.000  1.07258e-08
      838.000  1.07077e-08
      839.000  1.06896e-08
      840.000  1.06716e-08
      841.000  1.06537e-08
      842.000  1.06358e-08
      843.000  1.06180e-08
      844.000  1.06002e-08
      845.000  1.05824e-08
      846.000  1.05648e-08
      847.000  1.05471e-08
      848.000  1.05296e-08
      849.000  1.05120e-08
      850.000  1.04945e-08
      851.000  1.04771e-08
      852.000  1.04597e-08
      853.000  1.04424e-08
      854.000  1.04251e-08
      855.000  1.04079e-08
      856.000  1.03907e-08
      857.000  1.03736e-08
      858.000  1.03565e-08
      859.000  1.03395e-08
      860.000  1.03225e-08
      861.000  1.03056e-08
      862.000  1.02888e-08
      863.000  1.02719e-08
      864.000  1.02552e-08
      865.000  1.02385e-08
      866.000  1.02218e-08
      867.000  1.02052e-08
      868.000  1.01886e-08
      869.000  1.01720e-08
      870.000  1.01556e-08
      871.000  1.01391e-08
      872.000  1.01227e-08
      873.000  1.01064e-08
      874.000  1.00901e-08
      875.000  1.00739e-08
      876.000  1.00577e-08
      877.000  1.00416e-08
      878.000  1.00255e-08
      879.000  1.00094e-08
      880.000  9.99342e-09
      881.000  9.97746e-09
      882.000  9.96155e-09
      883.000  9.94569e-09
      884.000  9.92986e-09
      885.000  9.91408e-09
      886.000  9.89832e-09
      887.000  9.88263e-09
      888.000  9.86699e-09
      889.000  9.85139e-09
      890.000  9.83582e-09
      891.000  9.82031e-09
      892.000  9.80485e-09
      893.000  9.78944e-09
      894.000  9.77407e-09
      895.000  9.75874e-09
      896.000  9.74345e-09
      897.000  9.72820e-09
      898.000  9.71300e-09
      899.000  9.69784e-09
      900.000  9.68272e-09
      901.000  9.66765e-09
      902.000  9.65261e-09
      903.000  9.63760e-09
      904.000  9.62264e-09
      905.000  9.60772e-09
      906.000  9.59285e-09
      907.000  9.57801e-09
      908.000  9.56321e-09
      909.000  9.54846e-09
      910.000  9.53375e-09
      911.000  9.51909e-09
      912.000  9.50447e-09
      913.000  9.48987e-09
      914.000  9.47532e-09
      915.000  9.46080e-09
      916.000  9.44633e-09
      917.000  9.43191e-09
      918.000  9.41751e-09
      919.000  9.40315e-09
      920.000  9.38884e-09
      921.000  9.37454e-09
      922.000  9.36029e-09
      923.000  9.34608e-09
      924.000  9.33190e-09
      925.000  9.31776e-09
      926.000  9.30366e-09
      927.000  9.28960e-09
      928.000  9.27558e-09
      929.000  9.26160e-09
      930.000  9.24766e-09
      931.000  9.23374e-09
      932.000  9.21986e-09
      933.000  9.20601e-09
      934.000  9.19221e-09
      935.000  9.17845e-09
      936.000  9.16472e-09
      937.000  9.15101e-09
      938.000  9.13734e-09
      939.000  9.12370e-09
      940.000  9.11008e-09
      941.000  9.09651e-09
      942.000  9.08296e-09
      943.000  9.06946e-09
      944.000  9.05599e-09
      945.000  9.04254e-09
      946.000  9.02914e-09
      947.000  9.01578e-09
      948.000  9.00245e-09
      949.000  8.98915e-09
      950.000  8.97588e-09
      951.000  8.96264e-09
      952.000  8.94943e-09
      953.000  8.93627e-09
      954.000  8.92315e-09
      955.000  8.91005e-09
      956.000  8.89698e-09
      957.000  8.88393e-09
      958.000  8.87092e-09
      959.000  8.85793e-09
      960.000  8.84497e-09
      961.000  8.83204e-09
      962.000  8.81915e-09
      963.000  8.80630e-09
      964.000  8.79347e-09
      965.000  8.78067e-09
      966.000  8.76790e-09
      967.000  8.75518e-09
      968.000  8.74248e-09
      969.000  8.72981e-09
      970.000  8.71716e-09
      971.000  8.70454e-09
      972.000  8.69196e-09
      973.000  8.67941e-09
      974.000  8.66689e-09
      975.000  8.65439e-09
      976.000  8.64191e-09
      977.000  8.62946e-09
      978.000  8.61704e-09
      979.000  8.60464e-09
      980.000  8.59226e-09
      981.000  8.57992e-09
      982.000  8.56761e-09
      983.000  8.55534e-09
      984.000  8.54308e-09
      985.000  8.53085e-09
      986.000  8.51866e-09
      987.000  8.50650e-09
      988.000  8.49437e-09
      989.000  8.48226e-09
      990.000  8.47018e-09
      991.000  8.45812e-09
      992.000  8.44609e-09
      993.000  8.43410e-09
      994.000  8.42213e-09
      995.000  8.41018e-09
      996.000  8.39825e-09
      997.000  8.38635e-09
      998.000  8.37447e-09
      999.000  8.36260e-09
      1000.00  8.35077e-09
      1001.00  8.33897e-09
      1002.00  8.32721e-09
      1003.00  8.31546e-09
      1004.00  8.30374e-09
      1005.00  8.29204e-09
      1006.00  8.28038e-09
      1007.00  8.26875e-09
      1008.00  8.25715e-09
      1009.00  8.24556e-09
      1010.00  8.23400e-09
      1011.00  8.22245e-09
      1012.00  8.21094e-09
      1013.00  8.19947e-09
      1014.00  8.18801e-09
      1015.00  8.17657e-09
      1016.00  8.16515e-09
      1017.00  8.15376e-09
      1018.00  8.14239e-09
      1019.00  8.13104e-09
      1020.00  8.11971e-09
      1021.00  8.10841e-09
      1022.00  8.09715e-09
      1023.00  8.08591e-09
      1024.00  8.07468e-09
      1025.00  8.06349e-09
      1026.00  8.05232e-09
      1027.00  8.04118e-09
      1028.00  8.03007e-09
      1029.00  8.01898e-09
      1030.00  8.00791e-09
      1031.00  7.99685e-09
      1032.00  7.98582e-09
      1033.00  7.97483e-09
      1034.00  7.96385e-09
      1035.00  7.95290e-09
      1036.00  7.94197e-09
      1037.00  7.93106e-09
      1038.00  7.92017e-09
      1039.00  7.90930e-09
      1040.00  7.89844e-09
      1041.00  7.88762e-09
      1042.00  7.87683e-09
      1043.00  7.86606e-09
      1044.00  7.85530e-09
      1045.00  7.84458e-09
      1046.00  7.83388e-09
      1047.00  7.82320e-09
      1048.00  7.81256e-09
      1049.00  7.80193e-09
      1050.00  7.79133e-09
      1051.00  7.78074e-09
      1052.00  7.77017e-09
      1053.00  7.75963e-09
      1054.00  7.74912e-09
      1055.00  7.73863e-09
      1056.00  7.72815e-09
      1057.00  7.71770e-09
      1058.00  7.70727e-09
      1059.00  7.69685e-09
      1060.00  7.68646e-09
      1061.00  7.67608e-09
      1062.00  7.66573e-09
      1063.00  7.65541e-09
      1064.00  7.64511e-09
      1065.00  7.63482e-09
      1066.00  7.62456e-09
      1067.00  7.61433e-09
      1068.00  7.60412e-09
      1069.00  7.59393e-09
      1070.00  7.58377e-09
      1071.00  7.57362e-09
      1072.00  7.56350e-09
      1073.00  7.55339e-09
      1074.00  7.54330e-09
      1075.00  7.53325e-09
      1076.00  7.52321e-09
      1077.00  7.51319e-09
      1078.00  7.50319e-09
      1079.00  7.49321e-09
      1080.00  7.48325e-09
      1081.00  7.47331e-09
      1082.00  7.46338e-09
      1083.00  7.45348e-09
      1084.00  7.44360e-09
      1085.00  7.43375e-09
      1086.00  7.42391e-09
      1087.00  7.41408e-09
      1088.00  7.40429e-09
      1089.00  7.39452e-09
      1090.00  7.38477e-09
      1091.00  7.37505e-09
      1092.00  7.36534e-09
      1093.00  7.35566e-09
      1094.00  7.34598e-09
      1095.00  7.33633e-09
      1096.00  7.32671e-09
      1097.00  7.31711e-09
      1098.00  7.30752e-09
      1099.00  7.29795e-09
      1100.00  7.28840e-09
      1101.00  7.27888e-09
      1102.00  7.26936e-09
      1103.00  7.25987e-09
      1104.00  7.25039e-09
      1105.00  7.24093e-09
      1106.00  7.23150e-09
      1107.00  7.22208e-09
      1108.00  7.21268e-09
      1109.00  7.20330e-09
      1110.00  7.19394e-09
      1111.00  7.18461e-09
      1112.00  7.17529e-09
      1113.00  7.16600e-09
      1114.00  7.15673e-09
      1115.00  7.14747e-09
      1116.00  7.13823e-09
      1117.00  7.12900e-09
      1118.00  7.11980e-09
      1119.00  7.11062e-09
      1120.00  7.10146e-09
      1121.00  7.09231e-09
      1122.00  7.08318e-09
      1123.00  7.07407e-09
      1124.00  7.06497e-09
      1125.00  7.05589e-09
      1126.00  7.04683e-09
      1127.00  7.03778e-09
      1128.00  7.02875e-09
      1129.00  7.01975e-09
      1130.00  7.01076e-09
      1131.00  7.00178e-09
      1132.00  6.99283e-09
      1133.00  6.98389e-09
      1134.00  6.97498e-09
      1135.00  6.96609e-09
      1136.00  6.95722e-09
      1137.00  6.94836e-09
      1138.00  6.93952e-09
      1139.00  6.93069e-09
      1140.00  6.92188e-09
      1141.00  6.91309e-09
      1142.00  6.90433e-09
      1143.00  6.89558e-09
      1144.00  6.88684e-09
      1145.00  6.87812e-09
      1146.00  6.86942e-09
      1147.00  6.86073e-09
      1148.00  6.85205e-09
      1149.00  6.84339e-09
      1150.00  6.83475e-09
      1151.00  6.82612e-09
      1152.00  6.81752e-09
      1153.00  6.80893e-09
      1154.00  6.80036e-09
      1155.00  6.79180e-09
      1156.00  6.78326e-09
      1157.00  6.77474e-09
      1158.00  6.76625e-09
      1159.00  6.75777e-09
      1160.00  6.74930e-09
      1161.00  6.74085e-09
      1162.00  6.73241e-09
      1163.00  6.72398e-09
      1164.00  6.71558e-09
      1165.00  6.70720e-09
      1166.00  6.69883e-09
      1167.00  6.69047e-09
      1168.00  6.68213e-09
      1169.00  6.67380e-09
      1170.00  6.66549e-09
      1171.00  6.65719e-09
      1172.00  6.64890e-09
      1173.00  6.64062e-09
      1174.00  6.63237e-09
      1175.00  6.62413e-09
      1176.00  6.61591e-09
      1177.00  6.60771e-09
      1178.00  6.59951e-09
      1179.00  6.59134e-09
      1180.00  6.58318e-09
      1181.00  6.57504e-09
      1182.00  6.56692e-09
      1183.00  6.55881e-09
      1184.00  6.55072e-09
      1185.00  6.54263e-09
      1186.00  6.53456e-09
      1187.00  6.52651e-09
      1188.00  6.51848e-09
      1189.00  6.51046e-09
      1190.00  6.50246e-09
      1191.00  6.49446e-09
      1192.00  6.48649e-09
      1193.00  6.47852e-09
      1194.00  6.47057e-09
      1195.00  6.46263e-09
      1196.00  6.45470e-09
      1197.00  6.44678e-09
      1198.00  6.43888e-09
      1199.00  6.43100e-09
      1200.00  6.42313e-09
      1201.00  6.41527e-09
      1202.00  6.40743e-09
      1203.00  6.39960e-09
      1204.00  6.39179e-09
      1205.00  6.38400e-09
      1206.00  6.37622e-09
      1207.00  6.36846e-09
      1208.00  6.36070e-09
      1209.00  6.35296e-09
      1210.00  6.34523e-09
      1211.00  6.33751e-09
      1212.00  6.32982e-09
      1213.00  6.32213e-09
      1214.00  6.31446e-09
      1215.00  6.30680e-09
      1216.00  6.29916e-09
      1217.00  6.29152e-09
      1218.00  6.28390e-09
      1219.00  6.27629e-09
      1220.00  6.26869e-09
      1221.00  6.26110e-09
      1222.00  6.25353e-09
      1223.00  6.24597e-09
      1224.00  6.23843e-09
      1225.00  6.23089e-09
      1226.00  6.22337e-09
      1227.00  6.21586e-09
      1228.00  6.20837e-09
      1229.00  6.20090e-09
      1230.00  6.19344e-09
      1231.00  6.18599e-09
      1232.00  6.17856e-09
      1233.00  6.17113e-09
      1234.00  6.16372e-09
      1235.00  6.15631e-09
      1236.00  6.14893e-09
      1237.00  6.14155e-09
      1238.00  6.13420e-09
      1239.00  6.12684e-09
      1240.00  6.11950e-09
      1241.00  6.11217e-09
      1242.00  6.10485e-09
      1243.00  6.09755e-09
      1244.00  6.09025e-09
      1245.00  6.08296e-09
      1246.00  6.07568e-09
      1247.00  6.06842e-09
      1248.00  6.06118e-09
      1249.00  6.05394e-09
      1250.00  6.04671e-09
      1251.00  6.03950e-09
      1252.00  6.03230e-09
      1253.00  6.02512e-09
      1254.00  6.01794e-09
      1255.00  6.01079e-09
      1256.00  6.00364e-09
      1257.00  5.99651e-09
      1258.00  5.98938e-09
      1259.00  5.98226e-09
      1260.00  5.97516e-09
      1261.00  5.96807e-09
      1262.00  5.96099e-09
      1263.00  5.95393e-09
      1264.00  5.94687e-09
      1265.00  5.93983e-09
      1266.00  5.93279e-09
      1267.00  5.92576e-09
      1268.00  5.91875e-09
      1269.00  5.91174e-09
      1270.00  5.90475e-09
      1271.00  5.89776e-09
      1272.00  5.89079e-09
      1273.00  5.88383e-09
      1274.00  5.87688e-09
      1275.00  5.86994e-09
      1276.00  5.86301e-09
      1277.00  5.85610e-09
      1278.00  5.84920e-09
      1279.00  5.84231e-09
      1280.00  5.83544e-09
      1281.00  5.82858e-09
      1282.00  5.82172e-09
      1283.00  5.81488e-09
      1284.00  5.80804e-09
      1285.00  5.80121e-09
      1286.00  5.79440e-09
      1287.00  5.78760e-09
      1288.00  5.78082e-09
      1289.00  5.77404e-09
      1290.00  5.76726e-09
      1291.00  5.76050e-09
      1292.00  5.75375e-09
      1293.00  5.74701e-09
      1294.00  5.74028e-09
      1295.00  5.73356e-09
      1296.00  5.72684e-09
      1297.00  5.72014e-09
      1298.00  5.71345e-09
      1299.00  5.70677e-09
      1300.00  5.70010e-09
      1301.00  5.69344e-09
      1302.00  5.68679e-09
      1303.00  5.68016e-09
      1304.00  5.67353e-09
      1305.00  5.66692e-09
      1306.00  5.66032e-09
      1307.00  5.65373e-09
      1308.00  5.64715e-09
      1309.00  5.64058e-09
      1310.00  5.63402e-09
      1311.00  5.62746e-09
      1312.00  5.62092e-09
      1313.00  5.61439e-09
      1314.00  5.60788e-09
      1315.00  5.60137e-09
      1316.00  5.59486e-09
      1317.00  5.58837e-09
      1318.00  5.58189e-09
      1319.00  5.57541e-09
      1320.00  5.56895e-09
      1321.00  5.56249e-09
      1322.00  5.55604e-09
      1323.00  5.54959e-09
      1324.00  5.54317e-09
      1325.00  5.53675e-09
      1326.00  5.53034e-09
      1327.00  5.52394e-09
      1328.00  5.51756e-09
      1329.00  5.51118e-09
      1330.00  5.50481e-09
      1331.00  5.49846e-09
      1332.00  5.49212e-09
      1333.00  5.48579e-09
      1334.00  5.47946e-09
      1335.00  5.47315e-09
      1336.00  5.46684e-09
      1337.00  5.46054e-09
      1338.00  5.45425e-09
      1339.00  5.44798e-09
      1340.00  5.44171e-09
      1341.00  5.43546e-09
      1342.00  5.42921e-09
      1343.00  5.42297e-09
      1344.00  5.41673e-09
      1345.00  5.41051e-09
      1346.00  5.40430e-09
      1347.00  5.39809e-09
      1348.00  5.39189e-09
      1349.00  5.38570e-09
      1350.00  5.37952e-09
      1351.00  5.37335e-09
      1352.00  5.36720e-09
      1353.00  5.36104e-09
      1354.00  5.35490e-09
      1355.00  5.34877e-09
      1356.00  5.34265e-09
      1357.00  5.33654e-09
      1358.00  5.33044e-09
      1359.00  5.32435e-09
      1360.00  5.31827e-09
      1361.00  5.31219e-09
      1362.00  5.30613e-09
      1363.00  5.30007e-09
      1364.00  5.29402e-09
      1365.00  5.28798e-09
      1366.00  5.28195e-09
      1367.00  5.27593e-09
      1368.00  5.26993e-09
      1369.00  5.26392e-09
      1370.00  5.25793e-09
      1371.00  5.25194e-09
      1372.00  5.24596e-09
      1373.00  5.23998e-09
      1374.00  5.23402e-09
      1375.00  5.22806e-09
      1376.00  5.22210e-09
      1377.00  5.21616e-09
      1378.00  5.21023e-09
      1379.00  5.20431e-09
      1380.00  5.19839e-09
      1381.00  5.19249e-09
      1382.00  5.18659e-09
      1383.00  5.18070e-09
      1384.00  5.17482e-09
      1385.00  5.16895e-09
      1386.00  5.16310e-09
      1387.00  5.15725e-09
      1388.00  5.15141e-09
      1389.00  5.14558e-09
      1390.00  5.13976e-09
      1391.00  5.13394e-09
      1392.00  5.12813e-09
      1393.00  5.12233e-09
      1394.00  5.11654e-09
      1395.00  5.11076e-09
      1396.00  5.10499e-09
      1397.00  5.09922e-09
      1398.00  5.09346e-09
      1399.00  5.08770e-09
      1400.00  5.08196e-09
      1401.00  5.07622e-09
      1402.00  5.07049e-09
      1403.00  5.06476e-09
      1404.00  5.05905e-09
      1405.00  5.05334e-09
      1406.00  5.04764e-09
      1407.00  5.04195e-09
      1408.00  5.03626e-09
      1409.00  5.03059e-09
      1410.00  5.02492e-09
      1411.00  5.01926e-09
      1412.00  5.01361e-09
      1413.00  5.00797e-09
      1414.00  5.00234e-09
      1415.00  4.99672e-09
      1416.00  4.99111e-09
      1417.00  4.98550e-09
      1418.00  4.97990e-09
      1419.00  4.97431e-09
      1420.00  4.96872e-09
      1421.00  4.96314e-09
      1422.00  4.95758e-09
      1423.00  4.95202e-09
      1424.00  4.94647e-09
      1425.00  4.94092e-09
      1426.00  4.93537e-09
      1427.00  4.92984e-09
      1428.00  4.92431e-09
      1429.00  4.91879e-09
      1430.00  4.91328e-09
      1431.00  4.90777e-09
      1432.00  4.90227e-09
      1433.00  4.89677e-09
      1434.00  4.89129e-09
      1435.00  4.88581e-09
      1436.00  4.88034e-09
      1437.00  4.87487e-09
      1438.00  4.86941e-09
      1439.00  4.86397e-09
      1440.00  4.85852e-09
      1441.00  4.85309e-09
      1442.00  4.84767e-09
      1443.00  4.84226e-09
      1444.00  4.83685e-09
      1445.00  4.83145e-09
      1446.00  4.82606e-09
      1447.00  4.82067e-09
      1448.00  4.81529e-09
      1449.00  4.80992e-09
      1450.00  4.80455e-09
      1451.00  4.79920e-09
      1452.00  4.79385e-09
      1453.00  4.78851e-09
      1454.00  4.78317e-09
      1455.00  4.77784e-09
      1456.00  4.77251e-09
      1457.00  4.76719e-09
      1458.00  4.76188e-09
      1459.00  4.75657e-09
      1460.00  4.75127e-09
      1461.00  4.74597e-09
      1462.00  4.74068e-09
      1463.00  4.73540e-09
      1464.00  4.73013e-09
      1465.00  4.72486e-09
      1466.00  4.71960e-09
      1467.00  4.71435e-09
      1468.00  4.70910e-09
      1469.00  4.70386e-09
      1470.00  4.69863e-09
      1471.00  4.69341e-09
      1472.00  4.68820e-09
      1473.00  4.68299e-09
      1474.00  4.67779e-09
      1475.00  4.67260e-09
      1476.00  4.66741e-09
      1477.00  4.66223e-09
      1478.00  4.65705e-09
      1479.00  4.65188e-09
      1480.00  4.64673e-09
      1481.00  4.64157e-09
      1482.00  4.63643e-09
      1483.00  4.63128e-09
      1484.00  4.62614e-09
      1485.00  4.62101e-09
      1486.00  4.61589e-09
      1487.00  4.61077e-09
      1488.00  4.60565e-09
      1489.00  4.60054e-09
      1490.00  4.59544e-09
      1491.00  4.59034e-09
      1492.00  4.58525e-09
      1493.00  4.58017e-09
      1494.00  4.57509e-09
      1495.00  4.57002e-09
      1496.00  4.56496e-09
      1497.00  4.55990e-09
      1498.00  4.55485e-09
      1499.00  4.54980e-09
      1500.00  4.54477e-09
      1501.00  4.53974e-09
      1502.00  4.53471e-09
      1503.00  4.52970e-09
      1504.00  4.52469e-09
      1505.00  4.51968e-09
      1506.00  4.51468e-09
      1507.00  4.50969e-09
      1508.00  4.50470e-09
      1509.00  4.49971e-09
      1510.00  4.49474e-09
      1511.00  4.48978e-09
      1512.00  4.48482e-09
      1513.00  4.47986e-09
      1514.00  4.47491e-09
      1515.00  4.46996e-09
      1516.00  4.46502e-09
      1517.00  4.46008e-09
      1518.00  4.45515e-09
      1519.00  4.45022e-09
      1520.00  4.44530e-09
      1521.00  4.44039e-09
      1522.00  4.43548e-09
      1523.00  4.43058e-09
      1524.00  4.42568e-09
      1525.00  4.42079e-09
      1526.00  4.41591e-09
      1527.00  4.41102e-09
      1528.00  4.40615e-09
      1529.00  4.40129e-09
      1530.00  4.39643e-09
      1531.00  4.39158e-09
      1532.00  4.38673e-09
      1533.00  4.38189e-09
      1534.00  4.37706e-09
      1535.00  4.37223e-09
      1536.00  4.36741e-09
      1537.00  4.36259e-09
      1538.00  4.35778e-09
      1539.00  4.35297e-09
      1540.00  4.34817e-09
      1541.00  4.34338e-09
      1542.00  4.33859e-09
      1543.00  4.33381e-09
      1544.00  4.32903e-09
      1545.00  4.32425e-09
      1546.00  4.31948e-09
      1547.00  4.31472e-09
      1548.00  4.30996e-09
      1549.00  4.30520e-09
      1550.00  4.30045e-09
      1551.00  4.29571e-09
      1552.00  4.29097e-09
      1553.00  4.28623e-09
      1554.00  4.28151e-09
      1555.00  4.27679e-09
      1556.00  4.27207e-09
      1557.00  4.26736e-09
      1558.00  4.26265e-09
      1559.00  4.25795e-09
      1560.00  4.25326e-09
      1561.00  4.24857e-09
      1562.00  4.24389e-09
      1563.00  4.23921e-09
      1564.00  4.23454e-09
      1565.00  4.22988e-09
      1566.00  4.22522e-09
      1567.00  4.22056e-09
      1568.00  4.21591e-09
      1569.00  4.21126e-09
      1570.00  4.20662e-09
      1571.00  4.20199e-09
      1572.00  4.19736e-09
      1573.00  4.19274e-09
      1574.00  4.18813e-09
      1575.00  4.18351e-09
      1576.00  4.17890e-09
      1577.00  4.17430e-09
      1578.00  4.16970e-09
      1579.00  4.16510e-09
      1580.00  4.16051e-09
      1581.00  4.15593e-09
      1582.00  4.15134e-09
      1583.00  4.14677e-09
      1584.00  4.14220e-09
      1585.00  4.13763e-09
      1586.00  4.13307e-09
      1587.00  4.12852e-09
      1588.00  4.12397e-09
      1589.00  4.11942e-09
      1590.00  4.11488e-09
      1591.00  4.11035e-09
      1592.00  4.10582e-09
      1593.00  4.10130e-09
      1594.00  4.09678e-09
      1595.00  4.09227e-09
      1596.00  4.08777e-09
      1597.00  4.08327e-09
      1598.00  4.07877e-09
      1599.00  4.07428e-09
      1600.00  4.06979e-09
      1601.00  4.06531e-09
      1602.00  4.06083e-09
      1603.00  4.05636e-09
      1604.00  4.05190e-09
      1605.00  4.04744e-09
      1606.00  4.04298e-09
      1607.00  4.03853e-09
      1608.00  4.03408e-09
      1609.00  4.02963e-09
      1610.00  4.02519e-09
      1611.00  4.02076e-09
      1612.00  4.01633e-09
      1613.00  4.01190e-09
      1614.00  4.00748e-09
      1615.00  4.00306e-09
      1616.00  3.99865e-09
      1617.00  3.99424e-09
      1618.00  3.98984e-09
      1619.00  3.98544e-09
      1620.00  3.98104e-09
      1621.00  3.97666e-09
      1622.00  3.97227e-09
      1623.00  3.96789e-09
      1624.00  3.96352e-09
      1625.00  3.95915e-09
      1626.00  3.95479e-09
      1627.00  3.95044e-09
      1628.00  3.94608e-09
      1629.00  3.94173e-09
      1630.00  3.93739e-09
      1631.00  3.93305e-09
      1632.00  3.92871e-09
      1633.00  3.92438e-09
      1634.00  3.92005e-09
      1635.00  3.91572e-09
      1636.00  3.91141e-09
      1637.00  3.90710e-09
      1638.00  3.90279e-09
      1639.00  3.89849e-09
      1640.00  3.89418e-09
      1641.00  3.88989e-09
      1642.00  3.88559e-09
      1643.00  3.88130e-09
      1644.00  3.87702e-09
      1645.00  3.87274e-09
      1646.00  3.86846e-09
      1647.00  3.86419e-09
      1648.00  3.85992e-09
      1649.00  3.85566e-09
      1650.00  3.85140e-09
      1651.00  3.84714e-09
      1652.00  3.84290e-09
      1653.00  3.83865e-09
      1654.00  3.83441e-09
      1655.00  3.83017e-09
      1656.00  3.82594e-09
      1657.00  3.82172e-09
      1658.00  3.81750e-09
      1659.00  3.81328e-09
      1660.00  3.80907e-09
      1661.00  3.80487e-09
      1662.00  3.80067e-09
      1663.00  3.79647e-09
      1664.00  3.79227e-09
      1665.00  3.78808e-09
      1666.00  3.78389e-09
      1667.00  3.77970e-09
      1668.00  3.77552e-09
      1669.00  3.77135e-09
      1670.00  3.76718e-09
      1671.00  3.76302e-09
      1672.00  3.75886e-09
      1673.00  3.75470e-09
      1674.00  3.75055e-09
      1675.00  3.74639e-09
      1676.00  3.74225e-09
      1677.00  3.73810e-09
      1678.00  3.73397e-09
      1679.00  3.72983e-09
      1680.00  3.72570e-09
      1681.00  3.72157e-09
      1682.00  3.71744e-09
      1683.00  3.71333e-09
      1684.00  3.70921e-09
      1685.00  3.70510e-09
      1686.00  3.70100e-09
      1687.00  3.69690e-09
      1688.00  3.69280e-09
      1689.00  3.68870e-09
      1690.00  3.68462e-09
      1691.00  3.68053e-09
      1692.00  3.67645e-09
      1693.00  3.67238e-09
      1694.00  3.66831e-09
      1695.00  3.66424e-09
      1696.00  3.66018e-09
      1697.00  3.65612e-09
      1698.00  3.65206e-09
      1699.00  3.64800e-09
      1700.00  3.64395e-09
      1701.00  3.63990e-09
      1702.00  3.63586e-09
      1703.00  3.63183e-09
      1704.00  3.62780e-09
      1705.00  3.62377e-09
      1706.00  3.61974e-09
      1707.00  3.61572e-09
      1708.00  3.61170e-09
      1709.00  3.60768e-09
      1710.00  3.60367e-09
      1711.00  3.59967e-09
      1712.00  3.59566e-09
      1713.00  3.59166e-09
      1714.00  3.58766e-09
      1715.00  3.58366e-09
      1716.00  3.57967e-09
      1717.00  3.57569e-09
      1718.00  3.57171e-09
      1719.00  3.56773e-09
      1720.00  3.56375e-09
      1721.00  3.55978e-09
      1722.00  3.55582e-09
      1723.00  3.55185e-09
      1724.00  3.54790e-09
      1725.00  3.54395e-09
      1726.00  3.54000e-09
      1727.00  3.53605e-09
      1728.00  3.53211e-09
      1729.00  3.52818e-09
      1730.00  3.52424e-09
      1731.00  3.52031e-09
      1732.00  3.51638e-09
      1733.00  3.51246e-09
      1734.00  3.50853e-09
      1735.00  3.50461e-09
      1736.00  3.50070e-09
      1737.00  3.49679e-09
      1738.00  3.49289e-09
      1739.00  3.48899e-09
      1740.00  3.48509e-09
      1741.00  3.48120e-09
      1742.00  3.47730e-09
      1743.00  3.47341e-09
      1744.00  3.46953e-09
      1745.00  3.46565e-09
      1746.00  3.46177e-09
      1747.00  3.45789e-09
      1748.00  3.45402e-09
      1749.00  3.45015e-09
      1750.00  3.44628e-09
      1751.00  3.44242e-09
      1752.00  3.43857e-09
      1753.00  3.43471e-09
      1754.00  3.43086e-09
      1755.00  3.42701e-09
      1756.00  3.42317e-09
      1757.00  3.41933e-09
      1758.00  3.41549e-09
      1759.00  3.41166e-09
      1760.00  3.40783e-09
      1761.00  3.40401e-09
      1762.00  3.40018e-09
      1763.00  3.39637e-09
      1764.00  3.39255e-09
      1765.00  3.38874e-09
      1766.00  3.38493e-09
      1767.00  3.38112e-09
      1768.00  3.37732e-09
      1769.00  3.37352e-09
      1770.00  3.36972e-09
      1771.00  3.36593e-09
      1772.00  3.36214e-09
      1773.00  3.35836e-09
      1774.00  3.35458e-09
      1775.00  3.35080e-09
      1776.00  3.34702e-09
      1777.00  3.34325e-09
      1778.00  3.33948e-09
      1779.00  3.33571e-09
      1780.00  3.33195e-09
      1781.00  3.32819e-09
      1782.00  3.32443e-09
      1783.00  3.32067e-09
      1784.00  3.31692e-09
      1785.00  3.31317e-09
      1786.00  3.30943e-09
      1787.00  3.30569e-09
      1788.00  3.30195e-09
      1789.00  3.29822e-09
      1790.00  3.29449e-09
      1791.00  3.29076e-09
      1792.00  3.28703e-09
      1793.00  3.28331e-09
      1794.00  3.27959e-09
      1795.00  3.27588e-09
      1796.00  3.27217e-09
      1797.00  3.26846e-09
      1798.00  3.26476e-09
      1799.00  3.26106e-09
      1800.00  3.25736e-09
      1801.00  3.25367e-09
      1802.00  3.24998e-09
      1803.00  3.24629e-09
      1804.00  3.24260e-09
      1805.00  3.23891e-09
      1806.00  3.23523e-09
      1807.00  3.23156e-09
      1808.00  3.22788e-09
      1809.00  3.22422e-09
      1810.00  3.22055e-09
      1811.00  3.21689e-09
      1812.00  3.21323e-09
      1813.00  3.20957e-09
      1814.00  3.20591e-09
      1815.00  3.20226e-09
      1816.00  3.19861e-09
      1817.00  3.19496e-09
      1818.00  3.19132e-09
      1819.00  3.18768e-09
      1820.00  3.18404e-09
      1821.00  3.18040e-09
      1822.00  3.17677e-09
      1823.00  3.17314e-09
      1824.00  3.16951e-09
      1825.00  3.16589e-09
      1826.00  3.16227e-09
      1827.00  3.15865e-09
      1828.00  3.15504e-09
      1829.00  3.15143e-09
      1830.00  3.14782e-09
      1831.00  3.14422e-09
      1832.00  3.14062e-09
      1833.00  3.13702e-09
      1834.00  3.13343e-09
      1835.00  3.12984e-09
      1836.00  3.12625e-09
      1837.00  3.12266e-09
      1838.00  3.11908e-09
      1839.00  3.11550e-09
      1840.00  3.11192e-09
      1841.00  3.10834e-09
      1842.00  3.10477e-09
      1843.00  3.10120e-09
      1844.00  3.09763e-09
      1845.00  3.09407e-09
      1846.00  3.09052e-09
      1847.00  3.08696e-09
      1848.00  3.08341e-09
      1849.00  3.07985e-09
      1850.00  3.07631e-09
      1851.00  3.07276e-09
      1852.00  3.06922e-09
      1853.00  3.06568e-09
      1854.00  3.06214e-09
      1855.00  3.05861e-09
      1856.00  3.05507e-09
      1857.00  3.05154e-09
      1858.00  3.04802e-09
      1859.00  3.04449e-09
      1860.00  3.04097e-09
      1861.00  3.03745e-09
      1862.00  3.03394e-09
      1863.00  3.03043e-09
      1864.00  3.02692e-09
      1865.00  3.02341e-09
      1866.00  3.01991e-09
      1867.00  3.01641e-09
      1868.00  3.01291e-09
      1869.00  3.00942e-09
      1870.00  3.00593e-09
      1871.00  3.00244e-09
      1872.00  2.99896e-09
      1873.00  2.99547e-09
      1874.00  2.99199e-09
      1875.00  2.98851e-09
      1876.00  2.98504e-09
      1877.00  2.98156e-09
      1878.00  2.97809e-09
      1879.00  2.97462e-09
      1880.00  2.97116e-09
      1881.00  2.96770e-09
      1882.00  2.96424e-09
      1883.00  2.96078e-09
      1884.00  2.95733e-09
      1885.00  2.95388e-09
      1886.00  2.95043e-09
      1887.00  2.94698e-09
      1888.00  2.94353e-09
      1889.00  2.94009e-09
      1890.00  2.93665e-09
      1891.00  2.93321e-09
      1892.00  2.92978e-09
      1893.00  2.92635e-09
      1894.00  2.92292e-09
      1895.00  2.91949e-09
      1896.00  2.91606e-09
      1897.00  2.91264e-09
      1898.00  2.90922e-09
      1899.00  2.90581e-09
      1900.00  2.90239e-09
      1901.00  2.89898e-09
      1902.00  2.89557e-09
      1903.00  2.89216e-09
      1904.00  2.88876e-09
      1905.00  2.88536e-09
      1906.00  2.88196e-09
      1907.00  2.87857e-09
      1908.00  2.87518e-09
      1909.00  2.87179e-09
      1910.00  2.86841e-09
      1911.00  2.86502e-09
      1912.00  2.86164e-09
      1913.00  2.85826e-09
      1914.00  2.85489e-09
      1915.00  2.85151e-09
      1916.00  2.84814e-09
      1917.00  2.84477e-09
      1918.00  2.84140e-09
      1919.00  2.83804e-09
      1920.00  2.83468e-09
      1921.00  2.83132e-09
      1922.00  2.82796e-09
      1923.00  2.82461e-09
      1924.00  2.82125e-09
      1925.00  2.81790e-09
      1926.00  2.81456e-09
      1927.00  2.81121e-09
      1928.00  2.80787e-09
      1929.00  2.80453e-09
      1930.00  2.80119e-09
      1931.00  2.79785e-09
      1932.00  2.79452e-09
      1933.00  2.79119e-09
      1934.00  2.78786e-09
      1935.00  2.78453e-09
      1936.00  2.78121e-09
      1937.00  2.77789e-09
      1938.00  2.77457e-09
      1939.00  2.77125e-09
      1940.00  2.76794e-09
      1941.00  2.76462e-09
      1942.00  2.76131e-09
      1943.00  2.75801e-09
      1944.00  2.75470e-09
      1945.00  2.75140e-09
      1946.00  2.74811e-09
      1947.00  2.74481e-09
      1948.00  2.74152e-09
      1949.00  2.73823e-09
      1950.00  2.73494e-09
      1951.00  2.73165e-09
      1952.00  2.72837e-09
      1953.00  2.72508e-09
      1954.00  2.72180e-09
      1955.00  2.71852e-09
      1956.00  2.71524e-09
      1957.00  2.71197e-09
      1958.00  2.70870e-09
      1959.00  2.70543e-09
      1960.00  2.70216e-09
      1961.00  2.69890e-09
      1962.00  2.69564e-09
      1963.00  2.69238e-09
      1964.00  2.68912e-09
      1965.00  2.68586e-09
      1966.00  2.68260e-09
      1967.00  2.67935e-09
      1968.00  2.67610e-09
      1969.00  2.67286e-09
      1970.00  2.66961e-09
      1971.00  2.66637e-09
      1972.00  2.66312e-09
      1973.00  2.65988e-09
      1974.00  2.65665e-09
      1975.00  2.65341e-09
      1976.00  2.65018e-09
      1977.00  2.64695e-09
      1978.00  2.64373e-09
      1979.00  2.64050e-09
      1980.00  2.63728e-09
      1981.00  2.63406e-09
      1982.00  2.63084e-09
      1983.00  2.62762e-09
      1984.00  2.62441e-09
      1985.00  2.62120e-09
      1986.00  2.61799e-09
      1987.00  2.61479e-09
      1988.00  2.61159e-09
      1989.00  2.60838e-09
      1990.00  2.60518e-09
      1991.00  2.60199e-09
      1992.00  2.59879e-09
      1993.00  2.59560e-09
      1994.00  2.59240e-09
      1995.00  2.58921e-09
      1996.00  2.58603e-09
      1997.00  2.58284e-09
      1998.00  2.57966e-09
      1999.00  2.57648e-09
      2000.00  2.57330e-09
      2001.00  2.57013e-09
      2002.00  2.56696e-09
      2003.00  2.56378e-09
      2004.00  2.56061e-09
      2005.00  2.55744e-09
      2006.00  2.55428e-09
      2007.00  2.55111e-09
      2008.00  2.54795e-09
      2009.00  2.54479e-09
      2010.00  2.54163e-09
      2011.00  2.53847e-09
      2012.00  2.53531e-09
      2013.00  2.53216e-09
      2014.00  2.52901e-09
      2015.00  2.52586e-09
      2016.00  2.52272e-09
      2017.00  2.51957e-09
      2018.00  2.51643e-09
      2019.00  2.51329e-09
      2020.00  2.51015e-09
      2021.00  2.50701e-09
      2022.00  2.50388e-09
      2023.00  2.50075e-09
      2024.00  2.49762e-09
      2025.00  2.49450e-09
      2026.00  2.49137e-09
      2027.00  2.48825e-09
      2028.00  2.48513e-09
      2029.00  2.48201e-09
      2030.00  2.47890e-09
      2031.00  2.47578e-09
      2032.00  2.47267e-09
      2033.00  2.46956e-09
      2034.00  2.46645e-09
      2035.00  2.46334e-09
      2036.00  2.46024e-09
      2037.00  2.45713e-09
      2038.00  2.45404e-09
      2039.00  2.45094e-09
      2040.00  2.44784e-09
      2041.00  2.44475e-09
      2042.00  2.44166e-09
      2043.00  2.43856e-09
      2044.00  2.43547e-09
      2045.00  2.43238e-09
      2046.00  2.42930e-09
      2047.00  2.42622e-09
      2048.00  2.42313e-09
      2049.00  2.42005e-09
      2050.00  2.41697e-09
      2051.00  2.41390e-09
      2052.00  2.41082e-09
      2053.00  2.40774e-09
      2054.00  2.40467e-09
      2055.00  2.40160e-09
      2056.00  2.39854e-09
      2057.00  2.39547e-09
      2058.00  2.39241e-09
      2059.00  2.38935e-09
      2060.00  2.38629e-09
      2061.00  2.38323e-09
      2062.00  2.38017e-09
      2063.00  2.37712e-09
      2064.00  2.37407e-09
      2065.00  2.37102e-09
      2066.00  2.36798e-09
      2067.00  2.36493e-09
      2068.00  2.36189e-09
      2069.00  2.35885e-09
      2070.00  2.35581e-09
      2071.00  2.35278e-09
      2072.00  2.34974e-09
      2073.00  2.34671e-09
      2074.00  2.34367e-09
      2075.00  2.34064e-09
      2076.00  2.33761e-09
      2077.00  2.33459e-09
      2078.00  2.33156e-09
      2079.00  2.32854e-09
      2080.00  2.32552e-09
      2081.00  2.32250e-09
      2082.00  2.31949e-09
      2083.00  2.31648e-09
      2084.00  2.31346e-09
      2085.00  2.31045e-09
      2086.00  2.30744e-09
      2087.00  2.30443e-09
      2088.00  2.30142e-09
      2089.00  2.29842e-09
      2090.00  2.29542e-09
      2091.00  2.29241e-09
      2092.00  2.28941e-09
      2093.00  2.28641e-09
      2094.00  2.28342e-09
      2095.00  2.28042e-09
      2096.00  2.27743e-09
      2097.00  2.27444e-09
      2098.00  2.27145e-09
      2099.00  2.26846e-09
      2100.00  2.26548e-09
      2101.00  2.26249e-09
      2102.00  2.25951e-09
      2103.00  2.25653e-09
      2104.00  2.25355e-09
      2105.00  2.25057e-09
      2106.00  2.24760e-09
      2107.00  2.24463e-09
      2108.00  2.24166e-09
      2109.00  2.23869e-09
      2110.00  2.23573e-09
      2111.00  2.23276e-09
      2112.00  2.22980e-09
      2113.00  2.22684e-09
      2114.00  2.22388e-09
      2115.00  2.22092e-09
      2116.00  2.21796e-09
      2117.00  2.21501e-09
      2118.00  2.21205e-09
      2119.00  2.20910e-09
      2120.00  2.20615e-09
      2121.00  2.20320e-09
      2122.00  2.20026e-09
      2123.00  2.19731e-09
      2124.00  2.19437e-09
      2125.00  2.19143e-09
      2126.00  2.18849e-09
      2127.00  2.18555e-09
      2128.00  2.18261e-09
      2129.00  2.17968e-09
      2130.00  2.17674e-09
      2131.00  2.17381e-09
      2132.00  2.17088e-09
      2133.00  2.16795e-09
      2134.00  2.16502e-09
      2135.00  2.16209e-09
      2136.00  2.15916e-09
      2137.00  2.15624e-09
      2138.00  2.15332e-09
      2139.00  2.15040e-09
      2140.00  2.14748e-09
      2141.00  2.14456e-09
      2142.00  2.14165e-09
      2143.00  2.13873e-09
      2144.00  2.13582e-09
      2145.00  2.13291e-09
      2146.00  2.13000e-09
      2147.00  2.12710e-09
      2148.00  2.12419e-09
      2149.00  2.12129e-09
      2150.00  2.11839e-09
      2151.00  2.11550e-09
      2152.00  2.11260e-09
      2153.00  2.10971e-09
      2154.00  2.10681e-09
      2155.00  2.10392e-09
      2156.00  2.10103e-09
      2157.00  2.09814e-09
      2158.00  2.09525e-09
      2159.00  2.09237e-09
      2160.00  2.08948e-09
      2161.00  2.08660e-09
      2162.00  2.08372e-09
      2163.00  2.08084e-09
      2164.00  2.07796e-09
      2165.00  2.07509e-09
      2166.00  2.07221e-09
      2167.00  2.06934e-09
      2168.00  2.06647e-09
      2169.00  2.06360e-09
      2170.00  2.06073e-09
      2171.00  2.05786e-09
      2172.00  2.05500e-09
      2173.00  2.05213e-09
      2174.00  2.04927e-09
      2175.00  2.04641e-09
      2176.00  2.04355e-09
      2177.00  2.04069e-09
      2178.00  2.03783e-09
      2179.00  2.03497e-09
      2180.00  2.03211e-09
      2181.00  2.02926e-09
      2182.00  2.02641e-09
      2183.00  2.02356e-09
      2184.00  2.02071e-09
      2185.00  2.01786e-09
      2186.00  2.01502e-09
      2187.00  2.01217e-09
      2188.00  2.00933e-09
      2189.00  2.00649e-09
      2190.00  2.00365e-09
      2191.00  2.00081e-09
      2192.00  1.99798e-09
      2193.00  1.99514e-09
      2194.00  1.99231e-09
      2195.00  1.98948e-09
      2196.00  1.98665e-09
      2197.00  1.98383e-09
      2198.00  1.98100e-09
      2199.00  1.97818e-09
      2200.00  1.97535e-09
      2201.00  1.97253e-09
      2202.00  1.96971e-09
      2203.00  1.96689e-09
      2204.00  1.96407e-09
      2205.00  1.96126e-09
      2206.00  1.95844e-09
      2207.00  1.95563e-09
      2208.00  1.95282e-09
      2209.00  1.95001e-09
      2210.00  1.94720e-09
      2211.00  1.94440e-09
      2212.00  1.94159e-09
      2213.00  1.93879e-09
      2214.00  1.93598e-09
      2215.00  1.93318e-09
      2216.00  1.93038e-09
      2217.00  1.92758e-09
      2218.00  1.92478e-09
      2219.00  1.92199e-09
      2220.00  1.91919e-09
      2221.00  1.91640e-09
      2222.00  1.91360e-09
      2223.00  1.91081e-09
      2224.00  1.90802e-09
      2225.00  1.90523e-09
      2226.00  1.90244e-09
      2227.00  1.89966e-09
      2228.00  1.89688e-09
      2229.00  1.89409e-09
      2230.00  1.89131e-09
      2231.00  1.88853e-09
      2232.00  1.88575e-09
      2233.00  1.88298e-09
      2234.00  1.88020e-09
      2235.00  1.87743e-09
      2236.00  1.87466e-09
      2237.00  1.87189e-09
      2238.00  1.86912e-09
      2239.00  1.86635e-09
      2240.00  1.86359e-09
      2241.00  1.86083e-09
      2242.00  1.85806e-09
      2243.00  1.85530e-09
      2244.00  1.85254e-09
      2245.00  1.84978e-09
      2246.00  1.84702e-09
      2247.00  1.84427e-09
      2248.00  1.84151e-09
      2249.00  1.83876e-09
      2250.00  1.83601e-09
      2251.00  1.83326e-09
      2252.00  1.83051e-09
      2253.00  1.82776e-09
      2254.00  1.82501e-09
      2255.00  1.82227e-09
      2256.00  1.81952e-09
      2257.00  1.81678e-09
      2258.00  1.81404e-09
      2259.00  1.81130e-09
      2260.00  1.80856e-09
      2261.00  1.80582e-09
      2262.00  1.80308e-09
      2263.00  1.80034e-09
      2264.00  1.79761e-09
      2265.00  1.79487e-09
      2266.00  1.79214e-09
      2267.00  1.78941e-09
      2268.00  1.78668e-09
      2269.00  1.78395e-09
      2270.00  1.78122e-09
      2271.00  1.77849e-09
      2272.00  1.77577e-09
      2273.00  1.77304e-09
      2274.00  1.77032e-09
      2275.00  1.76760e-09
      2276.00  1.76488e-09
      2277.00  1.76217e-09
      2278.00  1.75945e-09
      2279.00  1.75673e-09
      2280.00  1.75402e-09
      2281.00  1.75131e-09
      2282.00  1.74860e-09
      2283.00  1.74589e-09
      2284.00  1.74318e-09
      2285.00  1.74048e-09
      2286.00  1.73777e-09
      2287.00  1.73507e-09
      2288.00  1.73237e-09
      2289.00  1.72967e-09
      2290.00  1.72697e-09
      2291.00  1.72427e-09
      2292.00  1.72157e-09
      2293.00  1.71887e-09
      2294.00  1.71618e-09
      2295.00  1.71348e-09
      2296.00  1.71079e-09
      2297.00  1.70810e-09
      2298.00  1.70541e-09
      2299.00  1.70272e-09
      2300.00  1.70003e-09
      2301.00  1.69735e-09
      2302.00  1.69466e-09
      2303.00  1.69198e-09
      2304.00  1.68929e-09
      2305.00  1.68661e-09
      2306.00  1.68393e-09
      2307.00  1.68125e-09
      2308.00  1.67857e-09
      2309.00  1.67589e-09
      2310.00  1.67322e-09
      2311.00  1.67054e-09
      2312.00  1.66787e-09
      2313.00  1.66519e-09
      2314.00  1.66252e-09
      2315.00  1.65985e-09
      2316.00  1.65718e-09
      2317.00  1.65451e-09
      2318.00  1.65184e-09
      2319.00  1.64917e-09
      2320.00  1.64651e-09
      2321.00  1.64385e-09
      2322.00  1.64119e-09
      2323.00  1.63852e-09
      2324.00  1.63586e-09
      2325.00  1.63321e-09
      2326.00  1.63055e-09
      2327.00  1.62789e-09
      2328.00  1.62524e-09
      2329.00  1.62259e-09
      2330.00  1.61994e-09
      2331.00  1.61729e-09
      2332.00  1.61464e-09
      2333.00  1.61200e-09
      2334.00  1.60935e-09
      2335.00  1.60670e-09
      2336.00  1.60406e-09
      2337.00  1.60142e-09
      2338.00  1.59878e-09
      2339.00  1.59614e-09
      2340.00  1.59350e-09
      2341.00  1.59086e-09
      2342.00  1.58822e-09
      2343.00  1.58558e-09
      2344.00  1.58295e-09
      2345.00  1.58032e-09
      2346.00  1.57769e-09
      2347.00  1.57505e-09
      2348.00  1.57243e-09
      2349.00  1.56980e-09
      2350.00  1.56717e-09
      2351.00  1.56454e-09
      2352.00  1.56191e-09
      2353.00  1.55929e-09
      2354.00  1.55667e-09
      2355.00  1.55404e-09
      2356.00  1.55142e-09
      2357.00  1.54880e-09
      2358.00  1.54618e-09
      2359.00  1.54356e-09
      2360.00  1.54094e-09
      2361.00  1.53832e-09
      2362.00  1.53571e-09
      2363.00  1.53309e-09
      2364.00  1.53048e-09
      2365.00  1.52787e-09
      2366.00  1.52526e-09
      2367.00  1.52265e-09
      2368.00  1.52004e-09
      2369.00  1.51743e-09
      2370.00  1.51483e-09
      2371.00  1.51222e-09
      2372.00  1.50962e-09
      2373.00  1.50701e-09
      2374.00  1.50441e-09
      2375.00  1.50181e-09
      2376.00  1.49921e-09
      2377.00  1.49662e-09
      2378.00  1.49402e-09
      2379.00  1.49143e-09
      2380.00  1.48883e-09
      2381.00  1.48624e-09
      2382.00  1.48365e-09
      2383.00  1.48105e-09
      2384.00  1.47846e-09
      2385.00  1.47588e-09
      2386.00  1.47329e-09
      2387.00  1.47070e-09
      2388.00  1.46811e-09
      2389.00  1.46553e-09
      2390.00  1.46294e-09
      2391.00  1.46036e-09
      2392.00  1.45778e-09
      2393.00  1.45520e-09
      2394.00  1.45262e-09
      2395.00  1.45005e-09
      2396.00  1.44747e-09
      2397.00  1.44489e-09
      2398.00  1.44232e-09
      2399.00  1.43974e-09
      2400.00  1.43717e-09
      2401.00  1.43460e-09
      2402.00  1.43202e-09
      2403.00  1.42945e-09
      2404.00  1.42688e-09
      2405.00  1.42431e-09
      2406.00  1.42175e-09
      2407.00  1.41918e-09
      2408.00  1.41661e-09
      2409.00  1.41405e-09
      2410.00  1.41148e-09
      2411.00  1.40892e-09
      2412.00  1.40636e-09
      2413.00  1.40380e-09
      2414.00  1.40124e-09
      2415.00  1.39868e-09
      2416.00  1.39612e-09
      2417.00  1.39357e-09
      2418.00  1.39101e-09
      2419.00  1.38846e-09
      2420.00  1.38591e-09
      2421.00  1.38335e-09
      2422.00  1.38080e-09
      2423.00  1.37825e-09
      2424.00  1.37571e-09
      2425.00  1.37316e-09
      2426.00  1.37061e-09
      2427.00  1.36807e-09
      2428.00  1.36553e-09
      2429.00  1.36299e-09
      2430.00  1.36044e-09
      2431.00  1.35790e-09
      2432.00  1.35536e-09
      2433.00  1.35282e-09
      2434.00  1.35028e-09
      2435.00  1.34775e-09
      2436.00  1.34521e-09
      2437.00  1.34267e-09
      2438.00  1.34014e-09
      2439.00  1.33761e-09
      2440.00  1.33507e-09
      2441.00  1.33254e-09
      2442.00  1.33001e-09
      2443.00  1.32748e-09
      2444.00  1.32496e-09
      2445.00  1.32243e-09
      2446.00  1.31990e-09
      2447.00  1.31738e-09
      2448.00  1.31485e-09
      2449.00  1.31233e-09
      2450.00  1.30980e-09
      2451.00  1.30728e-09
      2452.00  1.30476e-09
      2453.00  1.30224e-09
      2454.00  1.29972e-09
      2455.00  1.29720e-09
      2456.00  1.29468e-09
      2457.00  1.29217e-09
      2458.00  1.28965e-09
      2459.00  1.28713e-09
      2460.00  1.28462e-09
      2461.00  1.28211e-09
      2462.00  1.27960e-09
      2463.00  1.27709e-09
      2464.00  1.27458e-09
      2465.00  1.27207e-09
      2466.00  1.26956e-09
      2467.00  1.26705e-09
      2468.00  1.26455e-09
      2469.00  1.26204e-09
      2470.00  1.25954e-09
      2471.00  1.25704e-09
      2472.00  1.25454e-09
      2473.00  1.25204e-09
      2474.00  1.24954e-09
      2475.00  1.24704e-09
      2476.00  1.24455e-09
      2477.00  1.24205e-09
      2478.00  1.23956e-09
      2479.00  1.23706e-09
      2480.00  1.23457e-09
      2481.00  1.23208e-09
      2482.00  1.22958e-09
      2483.00  1.22709e-09
      2484.00  1.22460e-09
      2485.00  1.22211e-09
      2486.00  1.21963e-09
      2487.00  1.21714e-09
      2488.00  1.21465e-09
      2489.00  1.21217e-09
      2490.00  1.20968e-09
      2491.00  1.20720e-09
      2492.00  1.20472e-09
      2493.00  1.20224e-09
      2494.00  1.19976e-09
      2495.00  1.19727e-09
      2496.00  1.19479e-09
      2497.00  1.19232e-09
      2498.00  1.18984e-09
      2499.00  1.18736e-09
      2500.00  1.18488e-09
      2501.00  1.18241e-09
      2502.00  1.17993e-09
      2503.00  1.17746e-09
      2504.00  1.17498e-09
      2505.00  1.17251e-09
      2506.00  1.17004e-09
      2507.00  1.16757e-09
      2508.00  1.16510e-09
      2509.00  1.16263e-09
      2510.00  1.16016e-09
      2511.00  1.15769e-09
      2512.00  1.15523e-09
      2513.00  1.15276e-09
      2514.00  1.15030e-09
      2515.00  1.14784e-09
      2516.00  1.14537e-09
      2517.00  1.14291e-09
      2518.00  1.14045e-09
      2519.00  1.13799e-09
      2520.00  1.13553e-09
      2521.00  1.13308e-09
      2522.00  1.13062e-09
      2523.00  1.12817e-09
      2524.00  1.12571e-09
      2525.00  1.12326e-09
      2526.00  1.12081e-09
      2527.00  1.11836e-09
      2528.00  1.11591e-09
      2529.00  1.11346e-09
      2530.00  1.11101e-09
      2531.00  1.10856e-09
      2532.00  1.10611e-09
      2533.00  1.10367e-09
      2534.00  1.10122e-09
      2535.00  1.09878e-09
      2536.00  1.09633e-09
      2537.00  1.09389e-09
      2538.00  1.09145e-09
      2539.00  1.08901e-09
      2540.00  1.08657e-09
      2541.00  1.08413e-09
      2542.00  1.08169e-09
      2543.00  1.07925e-09
      2544.00  1.07682e-09
      2545.00  1.07438e-09
      2546.00  1.07194e-09
      2547.00  1.06951e-09
      2548.00  1.06707e-09
      2549.00  1.06464e-09
      2550.00  1.06220e-09
      2551.00  1.05977e-09
      2552.00  1.05734e-09
      2553.00  1.05491e-09
      2554.00  1.05248e-09
      2555.00  1.05005e-09
      2556.00  1.04762e-09
      2557.00  1.04519e-09
      2558.00  1.04276e-09
      2559.00  1.04033e-09
      2560.00  1.03791e-09
      2561.00  1.03548e-09
      2562.00  1.03306e-09
      2563.00  1.03064e-09
      2564.00  1.02822e-09
      2565.00  1.02580e-09
      2566.00  1.02338e-09
      2567.00  1.02096e-09
      2568.00  1.01854e-09
      2569.00  1.01612e-09
      2570.00  1.01371e-09
      2571.00  1.01129e-09
      2572.00  1.00888e-09
      2573.00  1.00646e-09
      2574.00  1.00405e-09
      2575.00  1.00164e-09
      2576.00  9.99231e-10
      2577.00  9.96822e-10
      2578.00  9.94415e-10
      2579.00  9.92007e-10
      2580.00  9.89600e-10
      2581.00  9.87193e-10
      2582.00  9.84787e-10
      2583.00  9.82383e-10
      2584.00  9.79978e-10
      2585.00  9.77575e-10
      2586.00  9.75171e-10
      2587.00  9.72769e-10
      2588.00  9.70368e-10
      2589.00  9.67968e-10
      2590.00  9.65569e-10
      2591.00  9.63171e-10
      2592.00  9.60773e-10
      2593.00  9.58376e-10
      2594.00  9.55980e-10
      2595.00  9.53585e-10
      2596.00  9.51189e-10
      2597.00  9.48794e-10
      2598.00  9.46400e-10
      2599.00  9.44007e-10
      2600.00  9.41614e-10
      2601.00  9.39222e-10
      2602.00  9.36831e-10
      2603.00  9.34441e-10
      2604.00  9.32050e-10
      2605.00  9.29661e-10
      2606.00  9.27272e-10
      2607.00  9.24883e-10
      2608.00  9.22495e-10
      2609.00  9.20108e-10
      2610.00  9.17722e-10
      2611.00  9.15336e-10
      2612.00  9.12951e-10
      2613.00  9.10567e-10
      2614.00  9.08185e-10
      2615.00  9.05803e-10
      2616.00  9.03422e-10
      2617.00  9.01042e-10
      2618.00  8.98662e-10
      2619.00  8.96283e-10
      2620.00  8.93905e-10
      2621.00  8.91528e-10
      2622.00  8.89152e-10
      2623.00  8.86777e-10
      2624.00  8.84403e-10
      2625.00  8.82030e-10
      2626.00  8.79658e-10
      2627.00  8.77286e-10
      2628.00  8.74916e-10
      2629.00  8.72547e-10
      2630.00  8.70179e-10
      2631.00  8.67811e-10
      2632.00  8.65443e-10
      2633.00  8.63075e-10
      2634.00  8.60709e-10
      2635.00  8.58344e-10
      2636.00  8.55979e-10
      2637.00  8.53615e-10
      2638.00  8.51251e-10
      2639.00  8.48888e-10
      2640.00  8.46526e-10
      2641.00  8.44165e-10
      2642.00  8.41805e-10
      2643.00  8.39446e-10
      2644.00  8.37087e-10
      2645.00  8.34730e-10
      2646.00  8.32373e-10
      2647.00  8.30016e-10
      2648.00  8.27660e-10
      2649.00  8.25304e-10
      2650.00  8.22948e-10
      2651.00  8.20593e-10
      2652.00  8.18240e-10
      2653.00  8.15886e-10
      2654.00  8.13534e-10
      2655.00  8.11181e-10
      2656.00  8.08830e-10
      2657.00  8.06478e-10
      2658.00  8.04128e-10
      2659.00  8.01778e-10
      2660.00  7.99428e-10
      2661.00  7.97079e-10
      2662.00  7.94731e-10
      2663.00  7.92383e-10
      2664.00  7.90036e-10
      2665.00  7.87690e-10
      2666.00  7.85345e-10
      2667.00  7.83002e-10
      2668.00  7.80658e-10
      2669.00  7.78316e-10
      2670.00  7.75974e-10
      2671.00  7.73633e-10
      2672.00  7.71292e-10
      2673.00  7.68952e-10
      2674.00  7.66613e-10
      2675.00  7.64275e-10
      2676.00  7.61938e-10
      2677.00  7.59602e-10
      2678.00  7.57267e-10
      2679.00  7.54933e-10
      2680.00  7.52599e-10
      2681.00  7.50267e-10
      2682.00  7.47935e-10
      2683.00  7.45604e-10
      2684.00  7.43274e-10
      2685.00  7.40944e-10
      2686.00  7.38614e-10
      2687.00  7.36285e-10
      2688.00  7.33957e-10
      2689.00  7.31630e-10
      2690.00  7.29302e-10
      2691.00  7.26976e-10
      2692.00  7.24650e-10
      2693.00  7.22325e-10
      2694.00  7.20001e-10
      2695.00  7.17678e-10
      2696.00  7.15356e-10
      2697.00  7.13034e-10
      2698.00  7.10713e-10
      2699.00  7.08393e-10
      2700.00  7.06073e-10
      2701.00  7.03753e-10
      2702.00  7.01434e-10
      2703.00  6.99115e-10
      2704.00  6.96797e-10
      2705.00  6.94480e-10
      2706.00  6.92163e-10
      2707.00  6.89847e-10
      2708.00  6.87531e-10
      2709.00  6.85216e-10
      2710.00  6.82902e-10
      2711.00  6.80587e-10
      2712.00  6.78274e-10
      2713.00  6.75961e-10
      2714.00  6.73648e-10
      2715.00  6.71336e-10
      2716.00  6.69025e-10
      2717.00  6.66714e-10
      2718.00  6.64404e-10
      2719.00  6.62095e-10
      2720.00  6.59787e-10
      2721.00  6.57479e-10
      2722.00  6.55173e-10
      2723.00  6.52866e-10
      2724.00  6.50561e-10
      2725.00  6.48256e-10
      2726.00  6.45951e-10
      2727.00  6.43647e-10
      2728.00  6.41344e-10
      2729.00  6.39042e-10
      2730.00  6.36739e-10
      2731.00  6.34439e-10
      2732.00  6.32139e-10
      2733.00  6.29840e-10
      2734.00  6.27542e-10
      2735.00  6.25244e-10
      2736.00  6.22948e-10
      2737.00  6.20652e-10
      2738.00  6.18357e-10
      2739.00  6.16062e-10
      2740.00  6.13767e-10
      2741.00  6.11473e-10
      2742.00  6.09179e-10
      2743.00  6.06887e-10
      2744.00  6.04595e-10
      2745.00  6.02303e-10
      2746.00  6.00012e-10
      2747.00  5.97721e-10
      2748.00  5.95431e-10
      2749.00  5.93143e-10
      2750.00  5.90855e-10
      2751.00  5.88568e-10
      2752.00  5.86282e-10
      2753.00  5.83996e-10
      2754.00  5.81711e-10
      2755.00  5.79426e-10
      2756.00  5.77142e-10
      2757.00  5.74857e-10
      2758.00  5.72573e-10
      2759.00  5.70290e-10
      2760.00  5.68007e-10
      2761.00  5.65725e-10
      2762.00  5.63444e-10
      2763.00  5.61163e-10
      2764.00  5.58882e-10
      2765.00  5.56602e-10
      2766.00  5.54322e-10
      2767.00  5.52043e-10
      2768.00  5.49765e-10
      2769.00  5.47487e-10
      2770.00  5.45209e-10
      2771.00  5.42932e-10
      2772.00  5.40656e-10
      2773.00  5.38380e-10
      2774.00  5.36104e-10
      2775.00  5.33831e-10
      2776.00  5.31558e-10
      2777.00  5.29285e-10
      2778.00  5.27013e-10
      2779.00  5.24742e-10
      2780.00  5.22471e-10
      2781.00  5.20200e-10
      2782.00  5.17930e-10
      2783.00  5.15661e-10
      2784.00  5.13393e-10
      2785.00  5.11124e-10
      2786.00  5.08857e-10
      2787.00  5.06591e-10
      2788.00  5.04325e-10
      2789.00  5.02060e-10
      2790.00  4.99796e-10
      2791.00  4.97533e-10
      2792.00  4.95270e-10
      2793.00  4.93008e-10
      2794.00  4.90747e-10
      2795.00  4.88485e-10
      2796.00  4.86224e-10
      2797.00  4.83964e-10
      2798.00  4.81704e-10
      2799.00  4.79445e-10
      2800.00  4.77187e-10
      2801.00  4.74928e-10
      2802.00  4.72671e-10
      2803.00  4.70414e-10
      2804.00  4.68158e-10
      2805.00  4.65903e-10
      2806.00  4.63648e-10
      2807.00  4.61395e-10
      2808.00  4.59141e-10
      2809.00  4.56889e-10
      2810.00  4.54637e-10
      2811.00  4.52385e-10
      2812.00  4.50133e-10
      2813.00  4.47881e-10
      2814.00  4.45630e-10
      2815.00  4.43380e-10
      2816.00  4.41131e-10
      2817.00  4.38882e-10
      2818.00  4.36633e-10
      2819.00  4.34385e-10
      2820.00  4.32137e-10
      2821.00  4.29890e-10
      2822.00  4.27643e-10
      2823.00  4.25397e-10
      2824.00  4.23151e-10
      2825.00  4.20906e-10
      2826.00  4.18660e-10
      2827.00  4.16416e-10
      2828.00  4.14172e-10
      2829.00  4.11929e-10
      2830.00  4.09686e-10
      2831.00  4.07445e-10
      2832.00  4.05204e-10
      2833.00  4.02963e-10
      2834.00  4.00724e-10
      2835.00  3.98485e-10
      2836.00  3.96246e-10
      2837.00  3.94008e-10
      2838.00  3.91770e-10
      2839.00  3.89532e-10
      2840.00  3.87296e-10
      2841.00  3.85060e-10
      2842.00  3.82825e-10
      2843.00  3.80590e-10
      2844.00  3.78356e-10
      2845.00  3.76122e-10
      2846.00  3.73889e-10
      2847.00  3.71657e-10
      2848.00  3.69425e-10
      2849.00  3.67194e-10
      2850.00  3.64964e-10
      2851.00  3.62734e-10
      2852.00  3.60503e-10
      2853.00  3.58274e-10
      2854.00  3.56045e-10
      2855.00  3.53817e-10
      2856.00  3.51589e-10
      2857.00  3.49362e-10
      2858.00  3.47135e-10
      2859.00  3.44909e-10
      2860.00  3.42683e-10
      2861.00  3.40458e-10
      2862.00  3.38234e-10
      2863.00  3.36011e-10
      2864.00  3.33788e-10
      2865.00  3.31566e-10
      2866.00  3.29344e-10
      2867.00  3.27123e-10
      2868.00  3.24902e-10
      2869.00  3.22681e-10
      2870.00  3.20460e-10
      2871.00  3.18240e-10
      2872.00  3.16021e-10
      2873.00  3.13802e-10
      2874.00  3.11584e-10
      2875.00  3.09366e-10
      2876.00  3.07149e-10
      2877.00  3.04931e-10
      2878.00  3.02715e-10
      2879.00  3.00498e-10
      2880.00  2.98282e-10
      2881.00  2.96067e-10
      2882.00  2.93852e-10
      2883.00  2.91638e-10
      2884.00  2.89423e-10
      2885.00  2.87210e-10
      2886.00  2.84997e-10
      2887.00  2.82785e-10
      2888.00  2.80574e-10
      2889.00  2.78363e-10
      2890.00  2.76153e-10
      2891.00  2.73944e-10
      2892.00  2.71735e-10
      2893.00  2.69527e-10
      2894.00  2.67319e-10
      2895.00  2.65111e-10
      2896.00  2.62903e-10
      2897.00  2.60697e-10
      2898.00  2.58491e-10
      2899.00  2.56285e-10
      2900.00  2.54080e-10
      2901.00  2.51876e-10
      2902.00  2.49672e-10
      2903.00  2.47468e-10
      2904.00  2.45265e-10
      2905.00  2.43063e-10
      2906.00  2.40861e-10
      2907.00  2.38660e-10
      2908.00  2.36459e-10
      2909.00  2.34259e-10
      2910.00  2.32058e-10
      2911.00  2.29858e-10
      2912.00  2.27660e-10
      2913.00  2.25461e-10
      2914.00  2.23263e-10
      2915.00  2.21065e-10
      2916.00  2.18868e-10
      2917.00  2.16671e-10
      2918.00  2.14475e-10
      2919.00  2.12280e-10
      2920.00  2.10085e-10
      2921.00  2.07892e-10
      2922.00  2.05698e-10
      2923.00  2.03505e-10
      2924.00  2.01313e-10
      2925.00  1.99121e-10
      2926.00  1.96929e-10
      2927.00  1.94738e-10
      2928.00  1.92546e-10
      2929.00  1.90355e-10
      2930.00  1.88165e-10
      2931.00  1.85975e-10
      2932.00  1.83786e-10
      2933.00  1.81597e-10
      2934.00  1.79409e-10
      2935.00  1.77220e-10
      2936.00  1.75033e-10
      2937.00  1.72845e-10
      2938.00  1.70658e-10
      2939.00  1.68472e-10
      2940.00  1.66286e-10
      2941.00  1.64100e-10
      2942.00  1.61915e-10
      2943.00  1.59730e-10
      2944.00  1.57546e-10
      2945.00  1.55362e-10
      2946.00  1.53180e-10
      2947.00  1.50998e-10
      2948.00  1.48816e-10
      2949.00  1.46635e-10
      2950.00  1.44454e-10
      2951.00  1.42274e-10
      2952.00  1.40095e-10
      2953.00  1.37916e-10
      2954.00  1.35737e-10
      2955.00  1.33558e-10
      2956.00  1.31381e-10
      2957.00  1.29203e-10
      2958.00  1.27026e-10
      2959.00  1.24849e-10
      2960.00  1.22673e-10
      2961.00  1.20497e-10
      2962.00  1.18321e-10
      2963.00  1.16146e-10
      2964.00  1.13972e-10
      2965.00  1.11798e-10
      2966.00  1.09625e-10
      2967.00  1.07452e-10
      2968.00  1.05279e-10
      2969.00  1.03106e-10
      2970.00  1.00935e-10
      2971.00  9.87635e-11
      2972.00  9.65927e-11
      2973.00  9.44220e-11
      2974.00  9.22522e-11
      2975.00  9.00826e-11
      2976.00  8.79134e-11
      2977.00  8.57447e-11
      2978.00  8.35770e-11
      2979.00  8.14102e-11
      2980.00  7.92438e-11
      2981.00  7.70781e-11
      2982.00  7.49123e-11
      2983.00  7.27475e-11
      2984.00  7.05829e-11
      2985.00  6.84183e-11
      2986.00  6.62540e-11
      2987.00  6.40898e-11
      2988.00  6.19258e-11
      2989.00  5.97630e-11
      2990.00  5.76007e-11
      2991.00  5.54385e-11
      2992.00  5.32769e-11
      2993.00  5.11157e-11
      2994.00  4.89546e-11
      2995.00  4.67941e-11
      2996.00  4.46338e-11
      2997.00  4.24736e-11
      2998.00  4.03142e-11
      2999.00  3.81552e-11
      3000.00  3.59965e-11
